marker	P1	P2	F1_001	F1_002	F1_003	F1_004	F1_005	F1_006	F1_007	F1_008	F1_009	F1_010	F1_011	F1_012	F1_013	F1_014	F1_015	F1_016	F1_017	F1_018	F1_019	F1_020	F1_021	F1_022	F1_023	F1_024	F1_025	F1_026	F1_027	F1_028	F1_029	F1_030	F1_031	F1_032	F1_033	F1_034	F1_035	F1_036	F1_037	F1_038	F1_039	F1_040	F1_041	F1_042	F1_043	F1_044	F1_045	F1_046	F1_047	F1_048	F1_049	F1_050	F1_051	F1_052	F1_053	F1_054	F1_055	F1_056	F1_057	F1_058	F1_059	F1_060	F1_061	F1_062	F1_063	F1_064	F1_065	F1_066	F1_067	F1_068	F1_069	F1_070	F1_071	F1_072	F1_073	F1_074	F1_075	F1_076	F1_077	F1_078	F1_079	F1_080	F1_081	F1_082	F1_083	F1_084	F1_085	F1_086	F1_087	F1_088	F1_089	F1_090	F1_091	F1_092	F1_093	F1_094	F1_095	F1_096	F1_097	F1_098	F1_099	F1_100	F1_101	F1_102	F1_103	F1_104	F1_105	F1_106	F1_107	F1_108	F1_109	F1_110	F1_111	F1_112	F1_113	F1_114	F1_115	F1_116	F1_117	F1_118	F1_119	F1_120	F1_121	F1_122	F1_123	F1_124	F1_125	F1_126	F1_127	F1_128	F1_129	F1_130	F1_131	F1_132	F1_133	F1_134	F1_135	F1_136	F1_137	F1_138	F1_139	F1_140	F1_141	F1_142	F1_143	F1_144	F1_145	F1_146	F1_147	F1_148	F1_149	F1_150	F1_151	F1_152	F1_153	F1_154	F1_155	F1_156	F1_157	F1_158	F1_159	F1_160	F1_161	F1_162	F1_163	F1_164	F1_165	F1_166	F1_167	F1_168	F1_169	F1_170	F1_171	F1_172	F1_173	F1_174	F1_175	F1_176	F1_177	F1_178	F1_179	F1_180	F1_181	F1_182	F1_183	F1_184	F1_185	F1_186	F1_187	F1_188	F1_189	F1_190	F1_191	F1_192	F1_193	F1_194	F1_195	F1_196	F1_197	F1_198	F1_199	F1_200
M1	1	1	1	2	0	1	1	1	1	1	1	1	2	0	0	2	1	2	1	2	0	0	2	2	0	1	1	1	2	1	2	1	0	2	1	0	0	2	0	2	1	1	1	2	2	0	0	1	0	2	0	2	2	0	2	0	1	0	2	1	2	0	2	0	0	2	0	1	2	1	1	1	0	2	1	1	1	1	1	0	2	0	1	0	0	1	0	1	1	2	1	1	2	0	1	2	1	0	1	1	1	2	1	1	0	0	2	2	2	0	1	1	1	0	2	1	2	2	0	2	1	0	0	2	0	0	2	1	2	0	2	1	1	2	2	1	2	1	2	0	0	1	2	1	1	1	0	1	1	0	1	1	2	1	2	1	0	2	2	0	1	1	1	2	1	1	1	1	1	1	1	1	1	1	0	0	2	2	0	1	0	2	1	1	1	1	0	1	0	2	1	1	1	0	0	0	0	2	1	2	1	1
M2	1	1	2	1	2	0	1	2	0	2	2	2	0	1	2	2	0	2	0	2	2	0	0	1	2	2	1	2	0	0	0	2	1	1	2	1	1	2	1	0	1	1	1	0	2	1	1	1	2	0	1	1	1	1	1	0	0	0	0	2	2	0	0	2	1	1	1	2	0	1	2	1	1	1	0	2	2	0	2	2	0	0	1	2	1	1	2	0	0	1	2	1	0	2	1	0	2	2	1	1	1	2	1	2	2	2	0	0	1	0	1	0	2	1	1	1	2	1	1	1	1	1	1	0	2	1	1	2	0	2	1	1	2	1	0	2	0	1	1	2	0	1	0	2	2	1	0	2	1	2	2	1	0	1	1	1	0	0	0	1	1	0	2	2	1	2	1	2	1	2	1	1	1	1	0	1	1	1	0	2	1	1	2	2	0	1	1	0	1	0	0	1	1	0	1	2	2	1	2	1	1	2
M3	1	1	2	1	0	1	0	1	1	0	1	1	2	0	2	0	1	1	0	2	0	1	0	1	0	0	2	0	2	0	0	1	2	0	0	1	2	1	1	1	1	2	1	1	1	1	1	0	0	0	1	0	1	1	1	2	1	2	0	2	1	2	1	1	1	1	2	0	1	0	0	1	2	1	1	2	1	1	0	1	1	2	1	2	1	1	0	2	2	2	0	2	0	0	2	1	1	0	0	0	2	1	1	0	0	0	2	1	0	2	1	0	0	1	1	2	0	0	1	2	2	1	1	1	1	2	1	0	0	2	2	0	1	2	2	2	1	1	1	1	1	1	1	1	1	1	1	1	1	1	0	2	2	1	0	2	1	2	0	2	2	2	0	1	2	1	1	0	1	1	2	1	1	2	1	1	1	0	2	1	2	1	1	1	2	1	1	1	1	1	0	2	0	2	2	1	1	0	0	1	1	1
M4	0	1	0	0	1	0	1	0	0	1	0	0	1	1	0	1	1	0	1	0	0	1	1	0	1	0	1	1	0	1	1	0	1	0	1	1	1	0	0	1	1	1	1	0	0	1	1	1	1	1	1	0	0	1	1	1	1	0	0	0	0	1	1	0	0	0	0	1	1	0	0	1	0	1	1	0	1	1	0	1	1	1	1	0	1	1	0	1	0	1	0	1	1	1	0	1	0	1	1	0	1	1	1	1	1	1	0	0	0	1	1	1	0	1	0	0	0	1	1	0	0	1	1	1	1	0	0	0	1	0	1	1	0	0	0	0	0	1	1	1	1	0	1	1	1	0	1	0	1	0	0	0	1	1	1	0	0	0	1	0	1	1	1	0	0	1	0	0	1	0	0	1	1	0	1	1	0	0	0	0	1	1	1	0	1	0	1	1	1	1	1	0	1	1	0	0	1	1	0	0	0	0
M5	3	0	2	2	1	3	1	1	2	1	0	1	1	1	1	1	2	1	1	1	1	2	1	2	1	1	2	1	2	1	2	1	2	2	1	2	2	1	2	1	1	1	1	1	0	1	2	2	2	1	1	1	2	3	2	2	2	2	1	1	1	2	2	2	3	2	2	1	1	1	1	2	2	1	2	2	1	3	2	1	1	3	2	1	3	2	1	2	2	1	1	1	1	1	1	1	1	1	2	2	1	1	1	1	2	1	2	1	1	2	1	2	1	1	2	1	0	1	2	1	1	2	1	1	2	2	1	1	1	2	1	2	1	1	2	1	2	1	1	2	2	1	1	1	1	2	2	1	2	2	1	3	1	1	0	1	2	1	1	2	1	2	1	1	2	1	2	1	1	2	2	1	2	3	2	3	1	2	3	1	2	1	1	1	1	1	2	2	1	1	2	2	2	3	1	1	1	0	2	1	1	2
M6	3	0	1	2	1	1	1	1	0	3	2	2	1	2	1	2	0	2	2	2	1	1	2	2	1	1	1	1	1	2	2	1	1	2	2	1	1	3	1	1	2	1	1	1	2	2	0	2	2	2	1	2	1	1	1	1	2	1	1	2	3	0	1	2	1	2	0	2	1	2	1	1	1	3	2	2	2	1	2	1	1	1	0	1	1	1	2	1	1	2	1	1	2	2	1	1	3	1	3	2	1	2	3	1	2	1	2	2	2	0	3	2	2	1	2	1	2	2	2	2	2	0	1	1	2	1	3	2	2	2	2	2	3	2	2	2	2	1	2	2	1	1	2	2	1	1	1	1	1	2	3	1	1	1	2	1	1	1	2	1	2	1	3	3	2	3	0	3	1	2	2	2	1	1	1	1	2	2	1	1	2	2	3	2	1	2	1	1	2	1	1	2	2	1	1	1	1	2	2	2	2	2
M7	0	1	1	0	0	1	0	0	1	0	1	1	0	1	1	0	0	0	1	0	1	1	1	1	1	0	1	0	0	1	1	0	0	0	0	1	0	0	1	1	0	0	1	1	0	0	0	0	0	0	0	1	1	0	0	0	1	1	1	0	0	1	1	1	1	0	1	0	0	1	1	1	1	0	1	0	0	1	0	0	1	1	0	1	0	1	1	0	1	0	1	0	1	1	0	0	0	0	1	1	0	0	1	0	0	1	0	1	1	0	0	1	1	0	0	0	1	0	1	0	1	0	0	0	0	1	1	0	0	1	0	1	1	1	0	0	0	0	0	0	1	1	0	1	0	1	0	1	0	0	1	0	0	0	0	1	1	0	0	0	0	0	1	0	1	0	0	1	0	0	1	0	1	0	0	0	1	1	1	0	0	1	0	0	0	1	1	1	1	0	0	0	0	1	1	0	0	0	1	1	1	1
M8	0	1	1	0	0	0	0	0	0	0	1	0	1	0	1	0	0	1	0	1	0	1	0	0	0	0	0	0	1	0	0	1	1	0	0	0	1	1	1	0	1	1	0	1	1	1	0	0	0	0	0	0	0	0	0	1	1	1	1	1	1	1	0	1	0	1	1	0	1	0	0	0	1	1	0	1	1	0	0	1	0	1	0	1	0	0	0	1	1	1	0	1	0	0	1	1	1	0	0	0	1	0	1	0	0	0	1	1	0	1	1	0	0	1	0	1	0	0	0	1	1	0	1	0	0	1	1	0	0	1	1	0	1	1	1	1	1	0	1	0	1	0	1	0	0	0	1	0	0	1	0	1	1	0	0	1	1	1	0	1	0	1	0	1	1	1	0	0	1	0	1	1	0	1	1	0	0	0	1	0	1	0	1	1	1	1	0	0	1	0	0	1	0	0	1	1	0	0	0	1	1	0
M9	3	1	2	1	2	2	3	2	3	1	1	1	3	2	2	2	4	1	2	1	2	3	2	1	3	2	3	3	2	3	1	2	3	1	2	2	3	0	2	3	2	3	3	2	1	2	4	2	2	2	3	1	2	3	3	3	2	2	2	1	0	4	3	1	2	1	3	2	3	1	2	3	2	1	2	1	2	3	1	3	3	3	4	2	3	3	1	3	2	2	2	3	3	2	2	3	0	3	1	1	3	2	2	3	2	3	1	1	1	4	1	2	1	3	1	2	1	3	2	1	2	4	3	3	2	2	0	2	2	1	2	2	1	1	1	1	1	3	2	2	3	2	2	2	3	3	3	2	3	1	0	2	3	3	2	3	2	2	2	2	2	3	2	0	1	1	3	0	3	1	1	2	3	2	3	3	1	1	2	2	2	2	1	1	3	1	3	3	2	3	3	1	2	3	2	2	3	2	1	1	1	1
M10	1	0	0	1	1	0	1	0	0	1	1	1	1	0	0	1	0	1	1	1	0	0	1	1	0	0	0	0	1	1	1	0	0	1	1	1	0	1	0	1	1	0	1	1	1	0	0	1	0	1	0	1	1	0	1	0	1	0	1	0	1	0	1	0	0	1	0	1	1	1	0	0	0	1	1	0	1	0	0	0	1	0	0	0	0	1	0	0	1	1	0	1	1	0	0	1	1	0	1	1	1	1	1	0	0	1	1	1	1	0	1	1	1	0	1	1	1	1	1	1	1	0	0	1	0	0	1	0	1	0	1	0	1	1	1	1	1	1	1	0	0	0	1	1	0	1	0	0	0	0	1	0	1	1	1	0	0	1	1	0	1	1	1	1	1	1	0	1	1	0	0	1	0	0	0	0	1	1	0	0	0	1	1	0	0	1	0	0	0	1	0	0	1	0	0	0	0	1	0	1	1	0
M11	3	2	2	3	3	3	2	1	2	2	2	2	3	1	2	3	2	4	2	3	1	3	3	3	1	2	2	2	4	2	3	3	2	4	2	2	2	4	3	2	3	1	1	4	3	2	1	4	2	3	2	3	3	2	3	2	4	2	4	2	4	2	3	4	2	5	2	2	4	2	2	2	2	4	2	3	3	3	3	2	2	3	2	1	2	2	1	3	3	3	2	2	2	2	2	4	3	1	3	3	2	2	3	2	2	2	4	4	3	2	3	3	2	2	3	2	3	3	2	3	2	1	2	2	1	2	4	3	3	2	3	3	3	3	4	2	5	1	4	1	3	1	4	1	1	2	3	1	2	3	2	4	3	1	2	1	3	3	3	2	1	3	1	4	3	3	2	2	3	3	2	3	2	4	3	3	2	4	3	1	2	2	3	3	2	3	2	2	2	2	3	3	4	2	1	2	0	2	3	4	3	2
M12	1	0	1	0	0	0	0	1	0	1	1	1	0	1	1	1	0	1	0	1	1	0	0	0	1	1	1	1	0	0	1	1	0	0	1	1	1	1	0	0	0	1	0	0	1	1	0	0	1	0	1	0	0	0	0	0	0	0	0	1	1	0	0	1	0	0	0	1	0	0	1	1	1	1	0	1	1	0	1	0	1	0	0	1	0	0	1	0	0	1	1	0	0	1	1	0	1	1	1	0	0	1	1	1	1	0	0	0	1	0	1	0	1	1	0	0	1	0	0	1	0	0	1	0	1	0	1	0	0	1	1	1	1	1	0	1	0	0	0	1	0	1	0	1	1	0	0	1	1	1	1	0	0	0	1	1	0	0	0	0	1	0	1	1	0	1	0	1	0	1	1	0	1	0	0	0	1	0	0	1	1	1	1	1	1	1	1	0	1	0	0	1	0	0	1	1	1	1	1	1	1	1
M13	0	1	1	0	0	0	0	0	0	0	1	0	1	0	1	0	0	1	0	1	0	1	0	0	0	0	0	0	1	0	1	1	1	1	1	0	1	1	1	0	1	1	0	1	1	1	0	0	0	0	0	0	0	0	0	1	1	1	1	1	1	1	0	1	0	1	1	0	1	0	0	0	1	1	0	1	1	0	0	1	0	1	0	1	0	0	0	1	1	1	0	1	0	0	1	1	1	0	0	0	1	0	1	0	0	0	1	1	0	1	1	0	0	1	0	1	0	0	0	1	1	0	1	0	0	1	1	0	0	1	1	0	1	0	1	1	1	0	1	0	1	0	1	0	0	0	1	0	0	1	0	1	1	0	0	1	1	1	0	1	0	1	0	1	1	1	0	0	1	0	1	1	0	1	1	0	0	1	1	0	1	0	1	1	1	1	0	0	1	0	0	1	0	0	1	1	0	0	0	1	1	0
M14	0	1	1	0	0	1	0	0	1	0	1	1	0	1	1	0	0	0	1	0	1	1	1	1	1	0	1	0	0	1	0	0	0	0	0	1	1	0	1	1	0	1	1	1	0	0	0	0	0	0	0	1	1	0	0	0	1	1	0	0	0	1	1	1	1	0	1	1	0	1	1	1	0	0	1	0	0	1	0	0	1	1	0	1	0	1	1	0	1	0	1	0	1	1	0	0	0	0	1	1	0	0	1	0	0	1	0	1	1	0	0	1	1	0	0	0	1	0	1	0	1	0	0	0	0	1	1	0	0	1	0	1	1	1	0	0	0	0	0	0	1	1	0	1	0	0	0	1	0	0	1	0	0	0	0	1	1	0	0	0	1	0	1	0	1	0	0	1	0	0	1	0	1	0	1	0	1	0	1	0	0	1	0	0	0	1	1	1	1	0	0	0	0	1	1	0	0	0	1	1	1	1
M15	1	0	0	0	1	0	1	1	1	0	1	0	1	1	1	0	1	0	1	0	1	1	1	0	1	1	0	1	0	1	0	1	1	0	0	0	0	0	1	1	1	1	1	1	1	1	1	0	0	1	0	1	0	1	0	1	0	1	1	0	0	1	0	0	0	0	1	0	1	1	1	0	0	0	0	0	0	0	0	1	1	0	1	1	0	0	1	1	1	0	1	1	1	1	1	1	0	1	0	0	1	0	1	1	0	1	0	1	0	1	0	0	0	1	0	1	0	1	0	0	0	1	1	1	0	1	0	1	1	0	0	0	0	0	0	0	0	1	1	0	1	1	1	0	1	0	1	1	0	0	0	0	1	1	1	1	1	1	0	1	0	0	0	0	0	0	1	0	0	0	0	1	0	0	1	0	0	0	0	1	0	0	0	1	1	0	0	1	1	1	1	0	0	0	1	1	1	1	0	0	0	0
M16	0	1	1	0	0	0	0	0	0	0	1	0	1	0	1	0	0	1	0	1	1	1	0	0	0	0	0	0	1	0	1	1	1	1	1	0	1	1	1	0	1	1	0	1	1	1	0	0	0	0	0	0	0	0	0	1	1	1	1	1	1	1	0	1	0	1	1	0	1	0	0	0	1	1	0	1	1	0	0	1	0	1	0	1	0	0	0	1	1	1	0	1	0	0	1	1	1	0	0	0	1	0	1	0	0	0	1	1	0	1	1	0	0	1	0	1	0	0	0	1	1	0	1	0	0	1	1	0	0	1	1	0	1	0	1	1	1	0	1	0	1	0	1	1	0	0	1	0	0	1	0	1	1	0	0	1	1	1	0	1	0	1	0	1	1	1	0	0	1	0	1	1	0	1	1	0	0	1	1	0	1	0	1	1	1	1	0	0	1	0	0	1	0	0	1	1	0	0	0	1	1	0
M17	1	1	1	0	1	1	1	1	2	0	2	1	1	2	2	0	1	0	2	0	1	2	2	1	2	1	1	1	0	2	0	1	1	0	0	1	1	0	2	2	1	2	2	2	1	1	1	0	0	1	0	2	1	1	0	1	1	2	1	0	0	2	1	1	1	0	2	1	1	2	2	1	0	0	1	1	0	1	0	1	2	1	1	2	0	1	2	1	1	0	2	1	2	2	1	1	0	1	1	1	1	0	2	1	0	2	0	2	1	1	0	1	1	1	0	1	1	1	1	0	1	1	1	1	0	2	1	1	1	1	0	1	0	1	0	0	0	1	1	0	2	2	1	0	1	0	1	2	0	0	1	0	1	1	1	2	2	1	0	1	1	0	1	0	1	0	1	1	0	1	1	1	1	0	2	0	1	0	1	1	0	1	0	1	1	1	1	2	2	1	1	0	0	1	2	1	1	1	1	1	1	1
M18	1	2	2	1	1	0	1	1	0	2	2	1	2	1	2	2	1	2	1	2	3	2	1	0	2	1	2	2	1	1	2	2	2	1	3	2	3	2	1	1	3	3	1	1	3	3	1	1	2	1	2	0	0	1	1	2	2	1	1	2	2	2	1	2	0	1	1	2	2	0	1	2	2	3	1	1	3	1	1	2	2	2	1	2	1	1	2	2	1	3	1	2	0	1	2	2	2	2	2	0	2	2	3	2	2	1	1	1	1	2	3	1	1	3	1	1	1	1	1	2	2	1	3	1	1	1	2	1	1	2	2	2	2	2	1	2	1	1	2	2	2	1	2	3	2	1	2	1	2	2	1	1	2	1	2	3	1	1	1	1	2	2	2	2	1	3	0	1	2	1	2	2	2	1	1	1	1	1	1	1	3	2	3	2	2	2	2	1	3	1	1	2	1	1	2	2	2	2	1	2	2	1
M19	1	1	1	2	1	0	1	2	0	2	2	2	0	0	1	2	0	2	0	2	2	0	0	1	2	2	1	2	0	0	1	2	1	1	1	1	1	2	1	0	2	1	1	0	2	1	1	1	2	0	1	1	1	1	1	0	0	0	0	2	2	0	0	1	1	1	1	2	0	1	2	1	2	1	0	1	2	0	2	1	1	0	1	2	1	1	2	0	0	1	2	1	0	2	1	0	2	2	1	1	0	2	1	2	2	1	0	0	1	0	1	0	2	1	2	1	2	0	0	1	1	1	1	0	1	1	1	2	0	2	2	1	2	2	0	2	0	1	0	2	0	1	0	2	2	1	0	2	1	2	2	1	0	1	1	1	0	0	0	1	1	0	2	2	1	2	1	2	1	2	1	2	1	1	0	1	1	1	0	2	1	1	2	2	0	1	1	0	1	0	0	1	1	1	1	2	2	2	2	1	1	2
M20	0	3	1	1	2	0	2	1	0	2	2	1	2	1	1	2	1	2	1	2	3	2	1	1	2	1	1	2	1	1	1	2	3	2	2	1	2	2	2	1	3	2	2	1	3	2	2	2	2	1	1	1	1	2	2	2	2	1	1	2	2	2	1	1	1	2	2	2	2	1	1	1	2	2	1	2	3	1	1	3	1	2	2	2	2	2	2	2	1	2	1	3	0	1	1	2	2	2	1	1	2	2	2	2	3	2	1	1	0	2	2	1	1	2	1	2	2	1	1	2	1	2	2	1	2	2	1	1	1	2	2	1	2	2	1	2	1	2	2	2	2	0	2	3	2	2	2	1	1	2	1	2	2	2	1	2	1	1	1	2	1	2	2	2	2	3	1	1	3	1	1	3	1	2	1	2	0	2	1	1	2	1	3	2	2	1	1	1	2	1	1	1	2	1	1	2	2	2	1	1	1	1
M21	0	1	0	1	1	0	1	1	0	1	0	1	0	0	0	1	0	1	0	1	1	0	0	1	1	1	0	1	0	0	0	1	1	1	0	0	0	1	1	0	1	0	1	0	1	0	1	1	1	0	0	1	1	1	1	0	0	0	0	1	1	0	0	0	1	1	1	1	0	1	1	0	1	0	0	1	1	0	1	1	0	0	1	1	1	1	1	0	0	0	1	1	0	1	0	0	1	1	0	1	0	1	0	1	1	1	0	0	0	0	0	0	1	0	1	1	1	0	0	1	0	1	0	0	1	1	0	1	0	1	1	0	1	1	0	1	0	1	0	1	0	0	0	1	1	1	0	1	0	1	1	1	0	1	0	0	0	0	0	1	0	0	1	1	1	1	1	1	1	1	0	1	0	1	0	1	0	1	0	1	0	0	1	1	0	0	0	0	0	0	0	0	1	1	0	1	1	1	1	0	0	1
M22	1	1	1	2	1	0	1	2	0	2	1	2	0	0	1	2	0	2	0	2	2	0	0	1	2	2	1	2	0	0	1	2	1	1	1	1	1	2	1	0	2	1	1	0	2	1	1	1	2	0	1	1	1	1	1	0	0	0	0	2	2	0	0	1	1	1	1	2	0	2	2	1	2	1	0	1	2	0	2	1	1	0	1	2	1	1	2	0	0	1	2	1	0	2	2	0	2	2	1	1	0	2	0	2	2	1	0	0	1	0	1	0	2	1	2	1	2	0	0	2	1	1	1	0	1	1	1	2	0	2	2	1	2	2	0	2	0	1	0	2	0	1	0	2	2	1	0	2	1	2	2	1	0	1	1	1	0	0	0	1	1	0	2	2	1	2	1	2	1	2	1	2	1	1	0	1	1	1	0	2	1	1	2	2	0	1	1	0	1	0	0	1	1	1	1	2	2	2	2	1	1	2
M23	1	0	1	1	0	1	0	1	1	0	0	0	1	0	1	0	1	0	0	1	0	0	1	1	0	0	1	0	1	0	0	0	1	0	0	0	1	0	0	1	0	1	1	0	1	0	1	0	0	0	1	0	1	0	1	1	0	1	0	1	0	1	1	0	1	0	1	0	0	0	0	1	1	0	1	1	0	1	0	1	0	1	1	1	1	1	1	1	1	1	0	1	1	0	1	0	0	0	0	0	1	1	1	0	0	0	1	0	0	1	0	1	1	0	0	1	0	0	1	1	1	1	0	1	1	1	0	0	0	1	1	0	0	1	1	1	0	1	0	1	0	1	0	1	1	1	0	1	1	0	0	1	1	0	0	1	0	1	1	1	1	1	1	0	1	0	1	1	0	0	1	0	1	1	0	1	1	0	1	1	1	1	0	0	1	0	0	1	0	1	0	0	0	1	1	0	1	1	0	0	0	1
M24	1	1	1	0	1	0	1	1	1	0	2	0	2	1	2	0	1	1	1	1	2	2	1	0	1	1	1	1	1	1	1	2	2	1	1	0	1	1	2	1	1	2	1	2	1	2	1	0	0	1	0	1	0	1	0	2	1	2	2	1	1	2	0	1	0	1	2	0	2	0	1	0	1	1	0	2	1	0	0	2	1	1	1	2	0	0	1	2	1	1	1	2	1	1	2	2	1	1	0	0	2	0	2	1	1	1	1	2	0	2	1	0	0	2	0	2	1	1	0	1	1	1	2	1	0	2	1	1	1	1	1	0	1	0	1	1	1	1	2	0	2	1	2	1	1	0	2	1	0	1	0	1	2	1	1	2	2	2	0	2	0	1	0	1	1	1	1	0	1	0	1	2	0	0	2	0	0	1	1	1	1	0	1	2	2	1	0	1	2	1	1	1	0	0	2	2	1	1	0	1	1	1
M25	0	1	1	0	0	0	0	0	0	0	1	0	1	0	1	0	0	1	0	1	1	1	0	0	0	0	1	0	1	0	1	1	1	1	1	0	1	1	1	0	1	1	0	1	1	1	0	0	0	0	0	0	0	0	0	1	1	1	1	1	1	1	0	1	0	1	1	0	1	0	0	0	1	1	0	1	1	0	0	1	0	1	0	1	0	0	0	1	1	1	0	1	0	0	1	1	1	0	0	0	1	0	1	0	1	0	1	1	0	1	1	0	0	1	0	1	1	0	0	1	1	0	1	0	0	1	1	0	0	1	1	0	1	0	1	1	1	0	1	0	1	0	1	1	0	0	1	0	0	1	0	1	1	0	0	1	1	1	0	1	0	1	0	1	1	1	0	0	1	0	1	0	0	0	1	0	0	1	1	0	1	0	1	1	1	1	0	0	1	0	0	1	0	0	1	1	0	0	0	1	1	0
M26	2	0	1	1	1	1	1	2	2	0	1	0	2	1	2	0	2	0	1	1	1	1	2	1	1	1	1	1	1	1	0	1	2	0	0	0	1	0	1	2	0	2	2	1	1	1	2	0	0	1	1	1	1	1	1	2	0	2	1	1	0	2	1	0	1	0	2	0	1	0	1	1	1	0	1	2	0	1	0	2	1	1	2	1	1	1	2	2	1	1	1	2	2	1	2	1	0	1	0	0	2	1	2	1	0	1	1	1	0	2	0	1	1	1	0	2	0	1	1	1	1	2	1	1	1	2	0	1	1	1	1	0	0	1	1	1	0	2	1	1	1	2	0	1	2	1	1	2	1	0	0	1	2	1	1	2	1	2	1	2	1	1	1	0	1	0	2	1	0	0	1	1	1	1	1	1	1	0	1	2	1	1	0	1	2	0	0	2	1	2	1	0	0	1	2	1	2	2	0	0	0	2
M27	1	0	1	1	0	0	0	1	0	1	1	1	0	0	1	1	0	1	0	1	1	0	0	0	1	1	1	1	0	0	1	1	0	0	1	1	1	1	0	0	1	1	0	0	1	1	0	0	1	0	1	0	0	0	0	0	0	0	0	1	1	0	0	1	0	0	0	1	0	1	1	1	1	1	0	0	1	0	1	0	1	0	0	1	0	0	0	0	0	1	1	0	0	1	1	0	1	1	1	0	0	1	0	1	1	0	0	0	1	0	1	1	1	1	1	0	1	0	0	1	1	0	0	0	0	0	1	1	0	1	1	1	1	1	0	1	0	0	0	1	0	1	1	1	1	0	0	1	1	1	1	0	0	0	1	1	0	0	0	0	1	1	1	1	0	1	0	1	0	1	1	1	1	0	0	0	1	0	0	1	1	1	1	1	0	1	1	0	1	0	0	1	0	0	1	1	1	1	1	1	1	1
M28	1	1	0	1	0	2	0	1	1	1	1	0	1	1	1	1	1	1	1	1	0	1	1	1	0	1	1	1	1	0	1	1	1	1	0	0	0	2	1	1	1	0	0	2	0	1	0	2	1	2	1	2	1	1	1	1	1	1	2	1	2	0	1	2	1	2	0	0	1	1	1	1	0	2	1	2	0	2	2	0	1	0	1	1	1	0	0	2	1	1	1	0	1	2	1	1	1	0	2	1	0	1	0	1	1	0	2	2	2	0	0	1	1	0	1	0	0	1	0	1	0	0	0	1	1	1	2	2	1	1	1	2	1	0	2	0	2	0	2	1	1	1	2	0	1	0	1	1	1	1	1	2	1	0	1	0	1	1	2	1	0	0	0	2	1	1	1	1	1	2	0	1	1	2	1	2	1	2	1	1	1	1	1	2	1	0	1	2	0	1	2	2	2	2	0	0	0	1	2	1	0	1
M29	1	0	1	1	0	1	0	1	1	0	0	0	1	0	1	0	1	0	1	1	0	0	1	1	0	0	1	0	1	0	0	0	1	0	0	0	1	0	0	1	0	1	1	0	1	0	1	0	0	0	1	0	1	0	1	1	0	1	0	1	0	1	1	0	1	0	1	0	0	0	0	1	1	0	1	0	0	1	0	1	0	1	1	1	1	1	1	1	1	1	0	1	1	0	1	0	0	0	0	0	1	1	1	0	0	0	1	0	0	1	1	1	1	0	0	1	0	0	1	1	1	1	0	0	1	1	0	0	0	1	1	0	0	1	1	1	0	1	0	1	0	1	0	1	1	1	0	1	1	0	0	1	1	0	0	1	0	1	1	1	1	1	1	0	1	0	1	1	0	0	1	0	1	1	0	1	1	0	1	1	1	1	0	0	1	0	0	1	0	1	0	0	0	1	1	0	1	0	0	0	0	1
M30	1	1	0	0	2	0	2	1	1	1	1	0	2	2	1	1	2	1	2	0	2	2	2	0	2	1	0	2	0	2	0	1	2	0	1	1	1	0	1	1	1	2	2	0	1	2	2	1	1	2	1	1	0	2	1	2	1	1	1	0	0	1	1	0	0	0	1	1	2	0	1	1	0	1	1	1	1	1	0	1	2	1	2	1	1	1	2	2	0	1	1	2	2	1	1	2	0	2	1	0	2	1	2	2	1	2	0	1	0	2	1	1	0	2	0	1	0	2	1	0	0	2	2	2	1	1	0	2	2	0	0	1	0	1	0	0	0	2	2	1	2	1	0	1	2	1	2	1	1	0	1	0	2	2	2	2	1	1	1	1	1	1	1	0	0	1	1	0	1	0	0	1	1	0	1	1	0	0	0	1	1	1	1	1	2	0	1	1	2	2	2	0	1	0	1	1	2	2	0	0	0	1
M31	1	1	1	1	2	1	2	1	1	2	1	2	1	1	0	1	1	0	1	1	0	0	0	1	0	1	0	1	2	2	2	1	0	2	2	2	0	1	0	2	1	0	1	1	1	1	1	1	1	1	1	1	1	1	1	1	1	1	1	1	1	1	1	0	1	1	0	1	1	2	0	0	1	1	2	1	1	1	1	0	1	1	0	0	1	1	1	0	2	1	0	1	1	0	0	1	2	1	1	2	1	1	0	0	0	1	2	1	1	1	2	1	1	1	2	2	1	1	2	1	2	1	2	2	1	0	1	1	2	0	1	0	1	1	1	2	2	1	1	1	1	1	1	1	0	2	1	0	1	1	2	0	1	2	2	0	1	2	2	1	2	1	2	1	1	1	1	1	1	1	1	1	0	1	1	0	2	1	0	1	1	1	1	0	0	2	1	0	0	2	1	2	1	0	1	1	1	1	0	1	2	0
M32	0	1	1	0	0	1	0	0	1	0	1	1	0	1	1	0	0	0	1	0	0	1	1	1	1	0	1	0	0	1	0	0	0	0	0	1	1	0	1	1	0	1	1	1	0	0	0	0	1	0	0	1	1	0	0	0	1	1	0	0	0	1	1	1	1	0	1	1	0	1	0	1	0	0	1	1	0	0	0	0	1	1	0	1	0	1	1	0	1	0	1	0	1	1	0	0	0	0	1	1	0	0	1	0	0	1	0	1	1	0	0	1	1	0	0	0	1	0	1	0	1	0	0	0	0	1	1	0	0	1	0	0	0	1	0	0	0	0	0	0	1	1	1	0	0	0	0	1	0	0	0	0	0	0	0	1	1	0	0	0	1	0	1	0	1	0	0	1	0	1	1	1	1	0	1	0	1	0	1	0	0	1	0	0	0	1	1	1	1	0	0	0	0	1	1	0	0	0	1	1	1	1
M33	0	1	1	0	0	1	0	0	1	0	1	1	0	1	1	0	0	0	1	0	0	1	1	1	1	0	1	0	0	1	0	0	0	0	0	1	1	0	1	1	0	1	1	1	0	0	0	0	1	0	0	1	1	0	0	0	1	1	0	0	0	1	1	1	1	0	1	1	0	1	0	1	0	0	1	1	0	0	0	0	1	1	0	1	0	1	1	0	1	0	1	0	1	1	0	0	0	0	1	1	0	0	1	0	0	1	0	1	1	0	0	1	1	0	0	0	1	0	1	0	1	0	0	0	0	1	1	0	0	1	0	0	0	1	0	0	0	0	0	0	1	1	1	0	0	0	0	1	0	0	0	0	0	0	0	1	1	0	0	0	1	0	1	0	1	0	0	1	0	1	1	1	1	0	1	0	1	0	1	0	0	1	0	0	0	1	1	1	1	0	0	0	0	1	1	0	0	0	1	1	1	1
M34	1	1	1	2	1	0	1	2	0	1	1	1	0	0	1	2	0	2	0	2	1	0	0	1	2	2	1	1	0	0	2	2	1	1	1	1	1	2	1	0	2	1	1	0	1	1	1	1	1	0	1	0	1	1	1	1	0	0	0	2	1	0	0	1	1	1	0	2	0	2	2	1	2	1	0	1	2	1	2	1	1	0	1	2	1	1	1	0	0	1	2	1	0	2	2	0	2	2	1	1	1	2	0	2	2	1	0	0	1	0	0	1	2	1	2	1	2	0	0	2	1	1	0	0	1	1	1	1	1	2	2	2	2	2	0	1	0	1	0	2	0	1	1	2	2	1	0	2	1	2	2	1	0	0	1	1	0	0	0	1	1	1	1	2	1	2	1	2	1	2	1	2	1	1	0	1	1	1	0	2	1	1	2	2	0	1	1	1	1	0	0	1	1	1	1	2	2	2	2	1	1	2
M35	2	1	1	2	0	2	0	2	1	2	2	0	1	1	2	2	1	2	0	1	2	1	1	0	1	2	2	1	1	0	2	2	1	1	1	1	1	3	1	1	2	2	0	2	1	2	2	2	2	1	2	2	1	1	1	2	1	1	2	2	3	0	1	3	1	2	0	1	1	2	2	2	2	3	1	2	1	1	3	1	2	0	1	1	1	0	0	2	1	2	2	0	1	3	2	1	2	1	3	1	0	2	0	2	2	0	2	2	3	1	0	2	2	1	2	0	1	1	0	2	1	0	1	1	1	1	3	3	2	2	3	3	2	1	2	2	2	0	2	2	0	2	3	1	2	0	1	2	2	2	2	2	1	0	2	1	1	1	2	1	1	1	1	3	1	2	1	2	1	2	1	2	2	2	1	1	2	2	0	2	2	2	2	3	1	1	2	3	1	1	2	3	2	2	1	1	1	2	3	2	1	2
M36	3	3	3	2	2	4	1	2	4	3	4	2	4	2	4	2	2	2	2	4	2	3	4	3	1	1	4	2	4	2	3	3	3	3	2	2	3	4	3	4	3	3	3	5	3	2	1	3	2	2	2	4	4	1	3	3	4	4	4	3	4	3	4	4	3	4	3	2	3	3	2	3	2	4	4	4	2	2	2	3	3	4	2	3	3	3	3	4	4	4	2	3	3	3	3	3	3	0	3	3	3	3	3	1	2	2	4	4	3	2	3	3	3	1	2	3	3	3	3	4	4	1	3	2	2	4	5	2	2	4	4	2	3	3	4	4	4	3	4	2	3	3	5	3	3	2	2	3	2	2	2	4	4	2	2	3	3	4	4	2	3	2	3	4	5	3	2	3	2	2	3	3	3	3	3	3	4	4	3	2	3	4	3	3	3	3	3	4	2	3	2	4	3	4	3	1	1	2	3	4	3	3
M37	0	1	1	0	0	0	0	0	0	1	1	0	1	0	1	0	0	1	0	0	1	1	0	0	0	0	1	0	1	0	1	1	1	1	1	0	1	1	1	0	1	1	0	1	1	1	0	0	0	1	0	0	0	0	0	1	1	1	1	1	1	1	0	1	0	1	1	0	1	0	1	0	1	1	0	0	1	0	0	1	0	1	0	1	0	0	0	1	0	1	0	1	0	0	1	1	1	0	0	0	1	0	1	0	1	0	1	1	0	0	1	0	0	1	0	1	1	1	0	1	1	0	1	0	0	1	1	0	0	1	1	0	1	0	1	1	1	1	1	0	1	0	1	1	1	0	1	0	0	1	0	1	1	1	0	1	1	1	0	0	0	1	0	0	1	1	0	0	0	0	1	0	0	0	1	0	0	1	1	0	1	0	1	1	1	1	0	0	1	0	0	1	0	0	1	1	0	0	0	1	1	0
M38	0	1	0	1	0	0	1	1	0	0	0	1	0	0	0	1	0	1	0	1	0	0	0	1	1	1	0	1	0	0	1	1	1	1	0	0	0	0	1	0	1	0	1	0	0	1	1	1	0	0	0	0	1	1	1	0	0	0	0	1	0	0	0	0	1	1	0	1	0	1	1	0	1	0	0	1	1	1	1	1	0	0	1	1	1	1	1	0	0	0	1	1	0	1	1	0	1	1	1	1	1	1	0	1	1	1	0	0	0	0	0	0	1	0	1	1	0	0	0	1	0	1	0	0	1	1	0	0	0	1	1	1	1	1	0	0	0	1	0	1	0	0	0	1	0	1	0	1	0	1	1	1	0	1	0	0	0	0	0	1	0	0	0	1	1	1	1	1	1	1	0	1	0	1	0	1	0	0	0	1	0	0	1	1	0	0	0	0	0	0	0	0	1	1	0	1	1	1	1	0	0	1
M39	1	0	0	0	1	0	1	0	0	1	1	1	1	0	0	1	0	0	0	1	0	0	1	1	0	0	0	1	1	1	1	1	0	1	1	1	0	1	0	1	1	0	1	1	1	0	0	1	0	0	0	1	1	0	1	0	1	0	1	0	1	0	1	0	0	1	0	1	1	1	0	0	0	1	1	1	1	0	0	1	1	1	0	1	0	1	1	0	1	1	0	1	0	0	0	1	1	0	1	1	1	1	0	0	0	1	1	0	0	0	1	0	0	0	1	1	1	0	1	1	1	0	1	1	0	0	1	0	1	0	1	0	1	1	0	1	1	1	1	0	1	0	1	1	0	1	0	0	0	0	1	0	1	1	1	0	0	1	1	0	1	0	1	1	1	1	0	0	1	0	0	1	0	0	0	1	1	1	0	0	0	1	1	0	0	1	1	0	0	1	0	1	1	0	0	0	0	1	0	1	1	0
M40	0	2	2	1	1	1	1	1	1	2	1	1	1	1	1	0	1	1	1	0	1	1	0	0	0	1	1	0	2	1	1	1	1	2	2	1	1	1	1	1	1	1	0	1	2	1	1	0	1	2	1	0	0	1	0	2	1	2	1	2	2	2	0	1	1	1	1	0	1	1	1	0	2	1	1	0	1	1	1	2	0	1	1	1	1	0	0	1	1	1	0	1	0	0	1	1	2	1	0	1	1	0	1	0	1	0	2	1	1	1	2	1	1	2	1	2	1	1	1	1	2	1	2	1	1	1	1	1	1	1	1	0	1	0	2	2	2	1	1	1	1	1	1	1	1	1	2	0	1	2	1	1	1	1	1	1	2	2	1	1	1	1	1	0	1	1	1	1	1	1	2	0	0	1	2	0	1	1	1	1	2	0	1	1	1	2	0	0	1	1	1	2	0	0	2	2	1	0	0	1	2	0
M41	1	0	0	0	0	1	0	0	1	1	0	0	0	1	0	0	0	0	0	0	0	0	0	0	0	0	1	0	0	0	1	0	1	1	0	0	0	1	1	0	1	1	0	1	0	1	1	1	1	1	0	1	0	1	0	1	1	1	1	1	1	1	0	1	1	1	0	0	0	1	0	0	1	1	1	1	1	1	1	1	0	0	1	0	1	0	0	1	0	0	1	0	0	1	0	0	1	0	0	1	0	0	0	0	1	0	1	1	1	0	0	1	1	0	0	0	0	1	0	0	0	0	1	0	1	1	1	1	0	1	1	1	0	0	1	0	1	0	1	1	0	0	1	1	0	0	1	0	0	1	1	1	0	0	0	0	1	0	1	1	0	0	0	1	1	1	0	1	1	1	0	0	0	1	1	0	0	1	0	0	1	0	1	1	0	0	0	1	0	0	1	1	1	1	0	0	0	0	1	0	0	0
M42	0	1	0	0	1	0	1	0	0	1	0	0	1	1	0	1	1	0	1	1	1	1	1	1	1	0	0	1	0	1	1	0	1	0	1	1	1	1	0	0	1	1	1	0	1	0	1	1	1	1	0	1	0	1	1	1	1	0	1	0	0	0	1	0	0	0	1	1	1	0	0	1	0	1	1	0	1	1	0	1	1	1	1	0	0	1	1	1	0	1	0	1	1	0	0	1	0	1	1	1	1	1	1	1	1	1	0	0	0	1	1	1	0	1	0	0	1	1	1	0	0	1	1	0	1	0	0	1	1	0	0	1	0	1	0	0	0	1	1	1	1	0	0	1	1	1	1	0	1	0	1	0	1	1	1	1	1	0	1	1	1	1	1	1	0	1	0	0	1	1	0	0	1	0	0	1	0	1	1	0	1	1	1	0	1	0	1	1	1	1	1	0	1	0	0	1	1	1	0	0	0	0
M43	0	3	1	2	2	1	3	2	1	2	0	2	1	2	0	2	2	1	2	2	1	1	1	2	2	2	0	2	1	2	2	1	2	2	2	2	1	1	1	1	2	1	2	0	2	1	3	2	2	2	2	1	1	3	2	2	1	1	1	2	1	1	1	1	2	1	1	2	1	2	1	1	2	1	2	1	2	3	2	2	1	1	3	1	2	2	2	1	1	1	1	2	1	1	1	1	2	3	2	3	2	2	1	2	2	2	1	0	1	2	2	2	2	2	2	2	1	1	2	1	1	3	2	1	3	1	0	2	2	1	1	2	1	2	1	1	1	2	1	3	1	1	0	2	1	3	2	1	2	2	3	1	1	3	2	1	1	1	2	3	2	1	2	1	1	2	2	2	3	2	1	1	1	2	1	2	1	1	1	2	2	2	2	1	1	1	1	1	1	2	2	1	2	1	1	2	3	2	1	0	0	1
M44	1	1	1	1	1	0	1	1	0	2	1	0	1	1	1	2	1	1	1	2	2	1	1	1	2	1	1	1	0	1	2	1	1	0	2	2	2	2	0	0	2	2	1	0	2	1	2	1	2	1	2	1	0	1	1	2	2	1	1	1	1	0	1	1	0	0	1	2	1	1	1	2	1	2	1	0	2	1	1	2	2	1	1	0	0	1	1	1	0	2	1	1	1	1	1	1	1	2	2	1	1	2	1	2	2	1	0	1	0	1	1	2	1	2	1	0	2	1	1	1	1	1	1	0	1	0	1	2	2	1	1	1	1	2	0	1	0	2	1	2	1	1	2	1	2	1	1	1	2	1	2	0	1	1	2	2	1	0	1	1	2	1	2	2	0	2	0	1	1	2	1	1	2	0	0	1	1	1	0	1	2	2	2	1	1	1	2	2	2	1	1	1	1	0	1	2	2	2	1	1	1	1
M45	1	1	2	2	1	2	1	2	2	1	0	1	1	1	1	0	2	0	2	1	0	0	1	1	0	1	1	0	2	1	0	0	1	1	1	1	1	0	0	2	0	0	1	0	2	0	1	0	1	1	2	0	1	1	1	2	0	1	0	2	2	2	1	0	2	0	1	0	0	1	0	1	1	0	2	0	0	2	1	1	0	1	1	1	2	1	1	1	2	1	0	2	1	0	1	0	1	1	1	1	1	1	1	1	0	0	1	0	1	2	1	2	2	1	1	2	0	0	2	1	2	2	1	1	2	1	0	1	1	1	0	0	0	1	2	1	2	1	0	2	0	2	0	1	1	2	1	1	1	1	1	1	1	1	1	1	0	2	2	2	2	1	2	0	1	0	2	2	1	1	2	0	1	2	1	1	2	0	2	2	2	1	0	0	1	1	0	1	0	2	1	1	0	1	2	1	2	0	0	0	0	1
M46	2	2	2	2	2	2	2	2	2	4	1	1	1	3	1	2	2	1	2	2	2	1	1	1	2	2	2	1	1	2	3	1	2	2	3	3	2	3	1	1	3	3	1	1	3	2	4	2	4	3	3	2	0	3	1	4	2	2	2	3	3	2	1	2	2	1	1	2	1	3	1	2	3	3	3	1	3	3	3	4	2	1	3	0	2	1	1	2	1	3	2	2	1	2	1	1	3	3	2	3	1	2	1	2	3	1	2	2	2	2	1	4	3	3	2	1	3	2	2	1	2	2	3	1	2	1	2	4	3	2	2	2	1	2	2	2	2	2	2	4	1	2	3	2	2	2	3	1	3	3	4	1	1	2	3	2	2	1	3	3	3	1	3	3	1	3	2	3	3	4	2	1	2	2	2	1	2	2	1	2	4	2	3	2	1	2	2	3	2	2	3	3	2	1	2	3	3	2	2	1	1	1
M47	0	1	1	0	0	0	0	0	0	1	1	0	1	0	1	0	0	1	0	0	1	1	0	0	0	0	1	0	1	0	1	1	1	1	1	0	1	1	1	1	1	1	0	1	1	1	0	0	0	1	0	0	0	0	0	1	1	1	1	1	1	1	0	1	0	1	1	0	1	0	1	0	1	1	0	0	1	0	0	1	0	1	0	1	0	0	0	1	0	1	0	1	0	0	1	1	1	0	0	0	1	0	1	0	1	0	0	1	0	0	1	0	0	1	0	1	1	1	0	1	1	0	1	0	0	1	1	1	0	1	1	0	1	0	1	1	1	1	1	0	1	0	1	1	1	0	1	0	0	1	0	1	1	1	0	1	1	1	0	0	0	1	0	0	1	1	0	0	0	0	1	0	0	0	1	0	0	1	1	0	1	0	1	1	1	1	0	1	1	0	0	1	0	0	1	1	0	0	0	1	1	0
M48	1	1	2	1	2	2	0	1	2	0	1	1	1	1	2	0	1	0	2	2	0	1	2	2	1	0	2	0	1	1	0	0	1	0	0	1	2	1	1	1	0	1	2	1	1	1	0	0	1	0	1	1	2	0	1	1	1	2	0	1	1	2	2	1	2	0	2	1	0	1	0	2	0	0	2	1	0	1	0	0	1	2	0	2	1	2	2	1	2	1	1	1	2	1	1	0	0	0	2	0	1	1	2	1	1	1	0	1	1	1	1	2	1	0	0	1	0	0	2	1	2	1	0	1	1	2	1	0	0	2	0	0	0	2	1	0	1	1	0	1	1	2	0	1	1	1	0	2	0	0	0	1	1	0	0	2	1	1	1	1	2	1	2	1	2	0	1	2	0	1	2	1	2	1	1	1	2	0	2	1	1	2	0	0	1	1	1	2	1	1	0	0	0	2	2	0	1	0	1	1	1	2
M49	1	0	0	0	1	0	1	1	0	0	1	1	1	1	1	0	1	1	1	0	1	1	1	0	1	1	0	1	0	1	0	1	1	0	0	0	0	0	1	1	0	1	1	0	0	1	0	0	0	1	0	1	0	1	0	0	0	1	0	0	0	0	1	0	0	0	1	0	1	0	1	0	0	0	0	1	1	0	0	0	1	0	1	1	0	0	1	1	0	0	0	1	1	1	1	1	0	1	0	0	1	0	1	0	0	1	1	0	1	1	0	0	0	1	0	0	0	1	0	0	0	1	0	1	0	1	0	1	1	0	0	0	0	0	0	1	0	1	1	0	1	1	0	0	1	1	1	1	0	0	0	0	1	1	1	1	1	1	0	1	0	0	0	0	0	0	0	0	0	0	0	1	0	0	1	0	0	0	1	1	0	0	0	1	1	0	0	0	1	1	1	0	1	0	1	1	1	1	0	0	1	1
M50	2	0	1	1	1	0	1	1	0	2	2	1	1	0	1	2	0	1	0	2	1	1	1	1	1	1	1	1	1	1	2	2	0	1	2	2	1	2	0	1	2	1	1	1	2	1	1	1	1	1	1	1	1	0	1	1	2	0	1	1	1	0	1	1	0	1	0	2	1	2	1	1	1	2	1	1	1	0	1	2	2	1	0	1	1	1	1	0	1	1	1	1	0	1	1	1	2	1	2	1	1	2	0	1	1	1	1	1	0	0	1	1	1	1	2	1	2	0	1	2	2	0	1	1	1	0	2	1	2	1	2	1	2	1	0	2	0	1	1	1	1	1	2	1	1	1	0	1	2	1	2	0	1	1	2	1	0	1	1	0	1	1	2	2	1	2	1	1	1	1	1	2	1	0	0	1	2	1	1	1	1	2	2	1	0	2	1	1	1	1	0	2	0	0	1	1	1	2	1	2	2	1
M51	0	1	0	1	0	0	1	1	0	0	0	1	0	0	0	1	0	1	0	1	0	0	0	1	0	1	1	1	0	0	1	1	1	1	0	0	0	0	1	0	1	0	1	0	0	1	1	1	0	0	0	0	1	1	1	1	0	0	0	1	0	0	0	1	1	1	0	1	0	1	1	0	1	0	0	1	1	1	1	0	0	0	1	1	1	1	1	0	0	0	1	0	0	1	1	0	1	1	0	1	1	1	0	1	0	0	1	0	0	0	0	0	1	0	1	1	0	0	0	1	0	1	0	0	1	1	0	0	0	1	1	1	1	1	0	0	0	1	0	1	0	0	0	1	0	1	0	1	0	1	1	1	0	0	0	0	0	0	0	0	0	0	0	0	1	1	1	1	1	0	0	1	0	1	0	1	0	0	0	1	0	1	1	1	0	0	0	0	0	0	0	0	1	1	0	0	1	1	1	0	0	1
M52	1	0	0	0	1	0	1	0	0	1	1	1	1	0	0	1	0	0	0	1	0	1	1	1	0	0	0	1	1	1	1	1	0	1	1	1	0	1	0	1	1	0	1	1	1	0	0	1	0	1	0	1	1	0	1	0	1	0	1	0	0	0	1	0	0	1	0	1	1	1	0	0	1	1	1	1	0	0	0	1	1	1	0	1	0	1	1	0	1	0	0	1	0	0	1	1	1	0	1	1	1	1	0	0	0	1	1	0	0	0	1	0	0	0	1	1	1	0	1	1	1	0	1	1	1	0	1	0	1	0	1	1	1	0	0	1	0	0	1	0	1	0	1	1	0	1	0	0	1	0	1	0	1	1	1	0	0	1	1	0	0	1	1	1	1	1	0	0	1	0	0	1	0	0	0	1	1	1	0	0	0	1	1	0	0	1	1	0	0	1	0	1	0	0	0	0	0	1	0	1	1	0
M53	1	1	0	0	1	1	1	0	2	2	0	0	1	2	0	1	1	0	1	1	1	1	0	2	1	0	1	1	0	1	2	0	2	1	1	0	0	1	1	0	2	2	1	1	1	1	2	2	2	2	1	2	0	2	1	1	1	2	2	1	1	1	1	1	1	1	1	1	1	1	0	1	1	1	2	1	2	2	1	2	1	1	2	0	0	1	1	2	0	2	1	1	1	1	0	1	1	1	1	2	1	1	1	1	2	1	1	1	1	1	1	2	1	1	0	0	1	2	1	0	0	1	2	0	1	1	1	2	1	1	1	2	0	1	2	0	1	1	2	2	1	0	1	2	1	1	2	0	1	1	2	1	1	1	1	1	2	0	2	2	1	1	1	2	1	2	0	1	2	2	0	0	1	1	1	1	0	2	0	0	2	1	2	1	1	0	1	2	1	1	2	1	2	1	0	1	1	1	1	0	0	0
M54	2	1	1	2	1	1	3	1	1	1	1	3	1	1	0	3	1	1	1	2	1	2	1	2	1	2	1	3	2	1	2	2	1	3	2	2	2	1	2	1	2	0	2	2	1	1	2	2	1	1	1	1	3	2	3	1	2	0	2	1	0	1	1	2	2	3	1	2	2	2	2	1	3	1	1	2	1	2	2	1	1	2	2	2	2	3	2	0	2	0	2	1	1	1	2	2	2	2	1	3	2	2	1	2	1	2	2	1	1	1	2	0	1	1	3	3	2	1	2	3	1	2	2	2	3	1	1	0	1	1	2	3	3	2	1	1	0	1	1	1	2	0	1	2	0	2	1	1	2	2	2	2	1	2	1	0	1	1	1	0	1	2	1	1	2	2	2	1	3	1	1	2	2	2	1	2	1	2	0	1	1	2	2	1	1	2	2	0	1	1	1	1	2	2	0	1	1	1	2	2	1	1
M55	2	3	3	2	3	2	3	1	3	3	2	3	3	3	2	2	4	4	4	1	4	4	2	1	2	3	1	3	3	4	2	2	3	3	4	2	2	2	3	3	2	3	2	2	3	1	3	2	3	4	3	2	1	4	2	2	3	3	3	3	2	3	2	2	2	2	4	3	4	2	3	2	3	2	2	1	3	3	2	3	3	3	4	2	2	2	2	2	2	2	1	4	3	1	2	4	2	4	1	3	3	1	4	2	3	4	2	2	3	4	3	2	1	5	2	3	4	4	3	2	2	4	4	3	3	2	1	4	3	1	1	2	2	2	3	3	3	3	3	2	4	2	1	2	3	3	5	1	3	3	2	2	3	5	3	3	4	3	2	3	4	3	2	1	1	2	2	1	3	3	3	1	2	2	4	3	1	3	3	2	4	1	2	3	4	3	3	2	4	3	4	2	3	1	3	5	3	2	1	2	2	1
M56	3	2	1	2	3	3	4	2	2	2	2	4	1	3	1	3	1	1	2	3	1	3	2	4	3	2	3	3	2	2	3	2	2	4	2	3	3	3	4	1	3	2	3	4	1	3	3	3	3	2	1	3	4	3	3	2	3	2	3	2	1	3	2	4	4	4	2	3	2	4	2	2	4	2	3	4	2	3	3	2	2	3	3	3	2	4	3	2	3	1	4	1	2	3	2	2	3	2	2	4	2	2	2	2	3	3	3	3	3	1	2	2	2	1	3	3	2	2	3	3	2	2	3	3	3	3	3	1	1	3	2	4	3	3	2	1	1	1	2	2	3	1	3	3	0	2	2	2	2	3	2	3	1	2	1	1	3	1	2	1	2	2	2	3	4	3	2	3	4	3	2	3	3	3	3	2	2	3	1	1	2	4	3	2	1	3	3	2	2	1	2	2	3	4	1	1	1	1	4	3	2	2
M57	1	1	2	2	1	2	1	1	2	1	0	1	1	0	1	0	2	1	2	1	0	0	2	1	0	1	1	0	2	2	0	0	1	1	1	1	1	0	0	2	0	0	1	0	2	0	1	0	1	1	2	1	1	1	1	2	0	1	0	1	2	2	1	0	2	0	1	0	0	1	0	1	1	1	2	0	0	2	1	1	1	1	1	1	2	1	1	1	2	1	0	2	1	0	1	0	1	1	1	1	1	1	1	1	0	0	1	0	1	1	1	2	2	1	1	2	1	0	2	0	2	2	1	1	2	1	0	1	1	1	1	0	0	1	1	1	2	1	0	2	0	2	0	1	1	2	1	1	1	1	1	1	1	1	1	1	0	2	2	2	2	1	2	0	1	0	2	2	1	1	2	0	1	1	1	2	2	0	2	1	2	0	0	1	1	1	0	1	0	2	1	1	0	1	2	1	2	1	0	0	0	1
M58	3	0	3	3	1	2	1	2	2	1	1	1	1	1	2	2	2	2	2	2	2	1	1	1	2	2	2	1	2	2	1	1	1	1	2	2	3	0	1	1	1	1	1	1	2	1	2	0	2	0	3	1	2	1	2	2	2	1	1	1	2	2	1	2	2	1	2	2	1	0	2	3	1	1	1	1	1	2	2	1	1	2	1	1	3	2	1	1	2	2	2	1	2	1	1	1	1	2	2	1	1	2	2	3	2	1	0	2	1	1	2	2	2	2	2	2	2	1	2	2	2	2	1	1	1	1	1	1	1	2	2	1	2	3	2	1	1	2	0	2	1	2	1	1	2	1	1	2	2	2	1	2	1	1	1	2	2	1	1	1	2	2	2	1	1	1	3	2	1	2	3	1	2	1	1	2	2	1	2	1	2	2	1	1	2	2	1	2	2	1	1	1	1	2	2	2	2	2	2	2	1	2
M59	1	0	0	0	1	0	1	0	0	1	1	1	1	0	0	1	0	0	0	1	0	1	1	1	0	0	0	1	1	0	1	1	0	1	1	1	0	1	0	1	1	0	1	1	1	0	0	1	1	1	0	1	1	0	1	0	1	0	1	0	0	0	1	0	0	1	0	1	1	1	0	0	1	1	1	1	0	0	0	1	1	1	0	1	0	1	1	0	1	0	0	1	0	0	1	1	1	0	1	1	1	1	0	0	0	1	1	0	0	0	1	0	0	0	1	1	1	0	1	1	1	0	1	1	1	0	1	0	1	1	1	1	1	0	0	1	0	0	1	0	1	0	1	1	0	1	0	0	1	0	0	0	1	1	1	0	0	1	1	0	0	1	1	1	1	1	0	0	1	0	0	1	1	1	0	1	1	1	0	1	0	1	1	0	0	1	1	0	0	1	0	1	0	0	0	0	0	0	0	1	1	0
M60	1	0	1	1	0	0	0	1	0	1	1	0	0	0	1	1	0	1	0	1	1	0	0	0	1	1	1	0	0	0	1	1	0	0	1	1	1	0	1	0	1	1	0	0	1	1	1	0	0	0	1	0	0	0	0	1	1	0	0	1	1	0	0	1	0	0	0	1	0	0	1	1	0	1	0	1	1	0	1	1	1	0	0	0	1	0	0	0	0	1	1	0	0	1	0	0	1	1	1	0	0	1	0	1	1	0	0	1	0	0	0	1	1	1	1	0	1	0	0	1	1	0	0	0	0	0	1	1	1	1	1	0	1	1	0	1	0	1	0	1	0	1	1	0	1	0	0	1	1	1	1	0	0	0	1	1	1	0	0	0	0	0	1	1	0	1	1	1	0	1	1	1	0	0	0	0	1	0	1	0	0	1	1	1	0	1	0	1	1	0	0	1	0	0	1	1	1	1	1	1	1	1
M61	3	3	3	4	2	2	2	4	3	3	3	2	4	2	3	5	3	2	2	5	3	2	3	4	2	3	3	4	3	2	4	4	3	2	3	3	3	2	2	3	4	2	4	2	4	3	3	4	2	1	4	4	4	2	5	3	4	2	3	2	3	2	4	2	3	2	2	3	3	2	3	4	2	3	3	4	3	3	3	3	3	3	2	3	4	4	4	3	3	4	3	3	3	3	4	3	3	3	5	3	4	6	2	5	2	2	3	2	1	2	4	3	4	2	4	3	3	2	3	4	4	3	2	2	3	2	3	2	4	5	5	4	4	4	3	4	2	4	3	4	2	3	3	4	4	4	1	4	4	2	3	3	4	2	4	3	2	3	4	3	3	4	4	3	3	4	4	3	3	3	2	4	4	3	0	4	4	3	2	4	2	4	4	3	3	3	3	3	2	4	2	3	3	3	2	2	4	5	3	3	3	4
M62	3	2	1	2	3	3	4	2	2	2	2	4	1	3	1	3	1	1	2	3	1	3	2	4	3	2	3	3	2	2	3	2	2	4	2	3	2	3	3	1	3	2	3	4	1	3	3	3	4	2	1	2	4	3	3	2	3	2	3	2	1	3	2	4	3	4	2	3	2	4	2	2	4	2	3	4	2	3	4	2	2	3	3	4	2	4	3	2	3	1	4	1	2	3	2	2	3	2	2	4	2	2	2	2	3	3	3	3	3	2	2	2	2	1	3	3	2	2	2	3	2	2	3	3	3	3	3	1	1	3	2	4	3	3	2	1	1	1	2	2	3	1	3	3	0	2	2	1	2	3	2	3	1	2	1	1	3	1	2	1	2	2	2	3	4	3	2	3	4	3	2	3	3	4	3	2	2	3	1	2	2	4	3	2	1	3	3	2	2	1	2	2	3	3	1	1	1	1	4	3	2	2
M63	1	1	0	0	2	1	2	1	0	1	2	2	1	1	1	1	0	0	1	2	0	2	2	2	1	0	1	1	1	1	1	1	0	1	1	2	0	2	1	1	0	1	2	2	1	1	0	1	2	0	0	2	2	0	1	0	2	1	1	0	0	0	2	1	0	1	1	2	1	2	0	1	1	1	2	2	0	0	1	1	2	2	0	2	0	2	2	1	2	0	1	1	1	1	1	1	1	0	2	1	1	1	0	0	1	2	1	1	1	0	1	1	0	0	1	1	1	0	1	1	2	0	1	2	1	1	2	0	1	2	1	1	1	1	0	1	0	0	1	0	2	1	2	1	0	1	0	1	0	0	0	0	1	1	1	1	1	1	1	0	1	1	2	2	2	1	0	1	1	2	1	2	2	1	1	1	2	1	1	1	0	2	1	0	0	1	2	1	1	1	0	1	0	1	1	0	0	0	1	2	2	1
M64	1	1	1	1	1	1	1	1	1	1	2	1	2	1	1	2	1	1	0	1	1	1	2	1	1	1	0	2	2	0	1	2	0	1	1	2	0	2	0	2	0	0	1	2	1	1	0	2	1	0	1	2	2	0	2	0	2	0	2	0	1	0	2	0	0	1	0	1	2	1	1	1	1	2	1	2	0	0	2	2	1	1	0	1	1	1	1	1	2	1	1	1	1	1	2	2	1	0	2	1	1	2	0	1	0	1	1	1	1	1	2	0	1	0	2	1	1	1	0	2	1	0	1	2	1	0	2	0	2	1	2	2	2	0	1	2	1	0	2	0	1	1	2	1	1	1	0	1	1	0	0	1	2	1	2	0	0	2	2	1	0	2	1	2	1	1	1	0	1	1	0	2	2	2	0	2	2	2	0	2	0	1	1	1	1	1	2	0	1	2	1	2	1	1	0	0	0	1	1	2	2	1
M65	1	0	0	0	1	0	1	0	0	1	1	1	1	0	0	1	0	0	0	1	0	1	1	1	0	0	0	1	1	0	1	1	0	1	1	1	0	1	0	1	0	0	1	1	1	0	0	1	1	0	1	1	1	0	1	0	1	0	1	0	0	0	1	1	0	1	0	1	1	1	1	0	1	1	1	1	0	0	1	1	1	1	0	1	0	1	1	0	1	0	0	1	0	0	1	1	1	0	1	1	1	1	0	0	0	1	1	0	0	0	1	0	0	0	1	1	1	1	0	1	1	0	1	1	1	0	1	0	1	1	1	1	1	0	0	1	0	0	1	0	1	0	1	1	0	1	0	0	0	0	0	0	1	1	1	0	0	1	1	0	0	1	1	1	1	1	0	0	1	1	0	1	1	1	0	1	1	1	0	1	0	1	1	0	0	1	1	0	0	1	0	1	0	0	0	0	0	0	0	1	1	0
M66	0	1	0	0	1	0	0	0	1	1	0	0	1	1	0	1	1	0	1	1	1	1	0	1	0	0	0	1	0	1	1	0	1	0	1	0	0	0	0	0	1	1	1	0	1	0	1	1	1	1	1	1	0	1	1	0	1	1	1	0	0	0	1	0	1	0	1	1	1	0	0	1	0	0	1	0	1	0	0	0	1	1	1	0	0	1	1	1	0	1	0	1	1	0	0	1	0	1	1	1	1	1	1	1	1	1	1	0	0	1	1	1	0	1	0	0	0	1	1	0	1	1	1	0	1	0	0	1	1	1	0	1	0	1	1	1	0	1	1	1	1	0	0	1	1	1	1	1	1	0	1	0	1	1	1	1	1	0	1	1	1	1	1	0	0	1	0	0	1	1	0	0	1	0	0	1	0	1	0	0	1	1	1	0	1	0	1	1	1	1	1	0	1	0	0	1	1	1	0	0	0	0
M67	1	1	1	1	1	2	0	0	2	2	0	1	0	1	0	0	1	1	1	0	1	0	1	0	1	1	1	0	1	1	1	0	1	2	1	1	1	1	1	1	1	1	0	1	1	1	2	1	2	2	1	1	0	2	0	2	0	1	1	2	2	2	0	1	2	2	0	0	0	2	1	0	2	2	2	1	1	2	2	2	1	0	2	1	1	0	0	1	1	1	1	1	0	1	0	0	2	1	0	2	0	0	0	0	1	0	2	1	2	2	0	2	2	1	1	1	1	0	1	0	0	1	2	1	1	1	1	2	1	0	0	1	0	0	1	1	2	0	1	2	0	1	1	1	0	1	2	0	1	2	2	1	0	1	1	0	0	1	2	2	1	0	1	1	0	1	1	2	2	2	1	0	1	2	2	1	1	1	1	0	2	0	1	0	1	1	0	0	0	1	2	2	1	0	1	1	1	1	1	0	0	0
M68	2	0	1	1	2	1	2	1	1	0	1	2	1	2	1	1	2	2	2	0	1	2	1	1	1	2	0	2	1	1	0	1	1	1	1	1	1	1	1	1	0	1	1	1	0	1	1	1	1	2	1	1	1	2	1	0	1	1	1	1	0	1	1	1	1	1	2	1	2	1	2	1	1	0	0	0	1	1	1	0	1	1	2	0	1	1	1	1	1	0	1	1	2	1	1	2	0	2	0	1	1	0	2	1	1	2	1	1	2	2	1	0	0	2	1	1	1	2	1	1	0	2	1	2	2	1	0	1	1	0	0	1	1	1	2	1	1	1	1	0	2	1	0	0	1	1	2	1	1	1	1	1	1	2	1	1	1	1	0	1	1	1	0	0	1	0	1	0	1	0	1	1	1	1	2	1	0	1	1	1	1	1	0	1	1	1	2	1	2	1	2	0	2	1	1	2	1	0	1	1	1	1
M69	1	0	1	1	1	1	1	0	1	0	0	1	0	1	0	1	1	1	1	0	0	1	0	1	1	1	0	1	1	1	0	0	0	1	1	1	1	0	0	0	0	0	0	1	0	0	1	0	1	1	1	0	1	1	1	0	1	0	1	0	0	1	1	1	1	1	1	1	1	0	1	1	1	0	0	0	0	1	1	0	0	1	1	0	1	1	0	0	1	0	1	0	1	0	0	1	0	1	0	1	0	0	1	1	1	1	0	1	1	1	1	0	0	1	1	1	1	1	1	1	0	1	1	1	1	0	0	0	0	0	0	0	1	1	1	0	0	0	0	0	1	0	0	0	0	0	1	0	1	1	0	1	0	1	0	0	1	0	0	0	1	1	0	0	1	0	1	0	1	0	1	0	1	1	1	1	0	1	0	0	1	1	0	0	1	0	1	1	1	0	1	0	1	1	0	1	0	0	1	1	0	0
M70	1	1	1	1	2	1	1	1	1	1	1	2	1	1	1	0	2	2	2	0	1	1	2	0	0	2	0	1	0	1	0	1	1	1	1	1	1	1	1	2	0	1	1	0	1	1	1	1	1	2	1	1	0	2	0	1	0	1	0	2	1	1	0	0	1	1	1	0	1	2	2	0	1	1	1	0	1	1	1	1	2	0	2	0	1	0	1	1	1	0	0	2	1	1	1	1	1	2	0	1	1	0	1	0	0	1	2	0	2	2	0	1	1	2	1	1	1	1	1	0	0	2	1	2	2	1	0	2	2	0	0	1	0	0	1	1	2	1	1	1	1	2	0	0	1	2	2	1	1	1	2	0	2	2	2	1	0	2	1	2	1	0	1	0	0	0	1	1	1	1	1	1	0	1	2	1	1	0	2	1	1	0	0	1	0	1	1	0	1	2	2	1	1	0	2	2	2	0	0	0	1	1
M71	2	0	1	1	1	1	1	1	1	1	1	1	2	0	1	1	1	0	1	2	0	1	2	2	0	0	1	1	2	1	1	1	1	1	1	1	1	1	0	2	1	0	2	1	2	0	0	1	1	0	2	1	2	0	2	1	1	1	1	0	1	1	2	1	1	1	1	1	1	1	1	1	1	1	2	1	0	1	1	1	1	2	0	2	1	2	2	1	2	1	0	2	1	0	2	1	1	0	2	1	2	2	1	2	0	1	1	0	0	0	2	1	1	0	1	2	1	1	1	1	2	1	1	1	1	1	1	0	1	2	2	1	1	1	1	1	1	1	1	1	1	1	2	2	1	2	0	1	1	0	0	1	2	1	1	1	1	2	2	1	1	2	2	1	2	1	1	1	1	1	1	1	1	1	0	2	2	1	1	2	1	1	1	1	1	2	1	1	0	2	0	1	0	1	1	0	1	1	0	1	1	1
M72	0	1	1	1	0	1	0	1	1	0	1	0	1	1	1	1	1	1	0	0	1	0	1	0	1	1	0	1	1	0	0	1	0	0	0	1	0	1	0	1	0	0	0	1	0	1	0	1	0	0	1	0	1	0	1	0	1	0	1	0	1	0	1	0	0	0	0	1	1	0	1	0	0	1	0	1	0	0	1	1	0	0	0	0	1	0	0	1	1	1	1	0	1	1	1	1	0	0	1	0	0	1	0	1	0	0	0	1	1	1	1	0	1	0	1	0	0	1	0	1	0	0	0	1	0	0	1	0	1	0	1	1	1	0	1	1	1	0	1	0	0	1	1	0	1	0	0	1	1	0	0	1	1	0	1	0	0	1	1	1	0	1	0	1	0	0	1	0	0	0	0	1	1	1	0	1	1	1	0	1	0	0	0	1	1	0	1	0	1	1	1	1	1	1	0	0	0	1	1	1	1	1
M73	0	1	0	0	1	0	0	0	1	1	0	0	1	1	0	1	1	0	1	1	1	1	0	1	0	0	0	1	0	1	1	0	1	0	1	0	0	0	0	0	1	1	1	0	1	0	1	1	1	1	1	1	0	1	1	0	1	1	1	0	0	0	1	0	1	0	1	0	1	0	0	1	0	0	1	0	1	0	0	0	1	1	1	0	0	1	1	1	0	1	0	1	1	0	0	1	0	1	1	1	1	1	1	1	1	1	1	0	0	1	1	1	0	1	0	0	0	1	1	0	1	1	1	0	1	0	0	1	1	1	0	1	0	1	1	1	0	1	1	1	1	0	0	1	1	1	1	1	1	0	1	0	0	1	1	1	0	0	1	1	1	1	1	0	0	1	0	0	1	1	0	0	1	0	0	1	0	1	0	0	1	1	1	0	1	0	1	1	1	1	1	0	1	0	0	1	1	1	1	0	0	0
M74	1	1	0	1	0	1	1	1	1	1	0	1	0	1	0	1	0	0	0	1	1	0	0	1	1	1	1	1	1	0	2	1	2	2	0	0	1	1	2	0	2	1	1	2	0	2	2	2	1	1	0	1	1	2	1	2	1	1	1	2	1	2	0	2	2	2	0	0	0	2	0	0	2	1	1	2	2	2	2	1	0	0	2	2	1	1	1	1	0	1	2	0	0	2	1	0	2	1	0	2	1	1	1	1	1	0	2	1	1	1	0	1	2	0	1	1	1	0	0	1	0	1	1	0	1	2	1	1	0	1	1	2	1	1	0	0	1	1	1	2	0	0	0	2	0	1	1	0	0	2	2	2	0	0	0	1	0	0	1	1	0	0	0	1	1	2	1	2	2	1	0	1	1	2	1	0	0	1	0	1	1	1	2	1	1	1	0	0	0	0	1	1	1	1	0	0	1	2	2	1	0	1
M75	1	1	1	0	1	0	2	0	0	2	2	1	2	0	1	1	0	1	0	1	1	2	1	1	1	1	2	1	2	0	2	2	1	2	2	1	1	2	1	2	1	1	1	2	2	0	0	1	1	1	1	1	1	0	1	1	1	1	2	1	1	1	1	2	0	2	1	2	2	1	2	1	2	2	1	1	1	1	0	2	1	2	0	2	0	1	1	0	1	1	0	2	1	0	2	2	2	0	1	1	2	1	1	1	1	2	1	1	0	0	2	0	0	1	1	2	2	2	0	2	2	0	2	1	1	1	2	1	1	1	2	1	2	0	1	1	1	1	2	0	1	0	2	2	1	1	1	0	0	1	0	1	2	2	1	1	2	2	1	0	0	2	1	2	2	2	0	0	2	2	1	1	1	1	1	1	1	2	1	2	1	1	2	2	1	2	1	1	1	1	0	2	0	0	1	1	0	0	0	2	2	0
M76	1	1	0	0	2	0	1	1	1	1	1	1	2	2	1	1	2	1	2	1	2	2	1	1	0	1	0	2	0	1	1	1	2	0	1	0	0	1	1	1	1	2	2	0	1	1	1	2	1	2	1	2	0	2	1	0	1	2	2	1	0	0	1	0	1	0	2	0	2	1	1	0	0	0	2	0	2	0	0	0	2	1	2	0	0	1	2	2	0	1	0	2	2	1	1	2	0	2	1	1	2	1	2	1	2	2	2	0	1	2	1	1	0	2	0	0	0	2	1	0	1	2	1	1	2	1	0	2	2	1	0	2	0	1	2	2	1	2	2	1	2	1	0	1	2	2	2	2	1	0	2	0	1	2	2	1	0	1	1	2	1	1	1	0	0	1	0	0	1	1	0	1	1	0	1	1	0	1	1	1	1	1	1	1	1	0	2	1	2	2	2	0	2	0	1	2	2	1	1	0	1	1
M77	0	1	1	1	0	1	0	1	1	0	1	0	1	1	1	1	1	1	0	0	1	0	1	0	1	1	1	1	1	0	0	1	0	0	0	1	0	1	0	1	0	0	0	1	0	1	0	1	0	0	1	0	1	0	1	0	1	0	1	0	1	0	1	0	0	0	0	1	1	0	1	0	0	1	0	1	0	0	1	1	0	0	0	0	1	0	0	1	1	1	1	0	1	1	1	1	0	0	1	0	0	1	0	1	0	0	0	1	1	1	1	0	1	0	1	0	0	1	0	1	0	0	0	1	0	0	1	0	1	0	1	1	1	0	1	1	1	0	1	0	0	1	1	0	1	0	0	1	1	0	0	1	1	0	1	0	0	1	1	1	0	1	0	1	0	0	1	1	0	0	0	1	1	1	0	1	1	1	0	1	0	0	0	1	1	0	1	0	1	1	1	1	1	1	0	0	0	1	1	0	1	1
M78	1	0	0	0	0	1	0	0	1	1	0	0	0	1	0	0	0	0	0	0	1	0	0	0	1	0	1	0	0	0	1	0	1	1	0	0	0	1	1	0	1	1	0	1	0	1	1	1	1	1	0	1	0	1	0	1	0	1	0	1	1	1	0	1	1	1	0	0	1	0	0	0	1	0	1	1	1	1	1	1	0	0	1	1	1	0	0	1	0	1	1	0	0	1	0	0	1	0	1	1	0	0	0	0	0	0	1	1	1	1	0	1	1	0	0	0	0	0	0	0	0	0	1	0	0	1	1	1	0	0	0	1	0	0	0	0	1	0	1	1	0	0	0	1	0	0	1	0	0	1	1	1	0	0	0	1	0	0	1	1	0	0	0	0	0	1	0	1	1	1	0	0	1	1	1	0	0	1	0	0	1	0	1	0	1	0	0	0	0	0	1	1	1	0	0	0	0	1	1	0	0	0
M79	1	1	1	0	1	0	2	1	0	1	2	1	2	1	2	0	1	2	1	0	2	2	1	0	1	2	1	1	1	0	1	2	2	1	1	0	1	2	2	2	1	2	1	1	1	1	0	1	0	2	0	1	0	1	0	1	0	2	2	2	1	1	0	1	0	1	2	1	2	1	2	1	2	1	1	0	2	1	0	1	1	1	1	1	0	0	1	1	0	1	0	2	2	1	2	2	1	1	0	0	2	0	2	0	2	2	1	1	1	1	1	0	0	2	0	1	1	1	0	1	1	0	1	1	1	2	1	2	1	0	1	1	1	0	2	1	2	2	2	0	1	1	1	1	2	1	2	1	0	1	1	1	2	2	1	1	1	2	0	1	0	1	0	2	1	1	0	0	1	1	1	1	0	0	2	0	0	1	2	2	1	0	1	2	1	1	1	1	2	1	1	1	1	0	2	2	1	0	0	1	2	1
M80	1	1	1	1	2	1	1	0	1	2	1	2	1	0	0	1	1	1	1	1	0	1	2	1	0	0	1	1	1	1	1	1	0	2	2	2	1	1	0	2	0	0	1	1	2	0	1	1	2	1	2	2	1	1	1	1	1	0	1	1	1	1	1	1	1	2	0	1	0	2	2	1	2	2	2	1	0	1	1	2	2	1	1	1	1	1	1	0	2	0	0	2	0	0	1	1	2	1	1	2	1	1	0	2	0	1	1	0	1	1	1	1	1	2	2	2	2	2	1	1	1	1	2	2	2	0	1	1	2	1	1	1	1	0	0	1	1	0	1	1	1	1	1	1	0	2	1	0	1	1	1	0	2	2	1	0	2	2	2	1	1	1	2	1	1	1	1	0	1	1	1	1	1	2	1	2	2	1	1	1	1	1	1	1	0	2	1	0	1	2	1	2	0	0	1	1	1	0	0	1	1	0
M81	1	3	2	2	3	3	2	2	3	1	2	2	2	4	2	3	3	2	3	2	2	3	2	3	3	2	2	3	2	3	1	1	1	1	2	3	1	2	2	1	1	2	2	1	1	2	2	2	3	2	3	2	3	2	3	0	3	2	3	0	1	1	4	2	2	1	3	3	3	1	2	2	0	2	2	2	1	1	2	1	2	3	2	1	2	3	2	3	3	2	3	1	3	2	1	3	0	2	3	2	1	2	2	1	3	3	2	3	3	3	2	2	1	1	2	1	1	3	3	2	2	2	2	3	2	1	2	1	2	2	1	2	2	3	3	2	1	2	2	1	3	3	2	1	2	1	2	3	3	1	1	2	1	1	2	2	2	1	2	2	3	3	2	2	2	1	2	2	1	2	2	2	4	2	2	3	2	3	1	1	2	3	1	1	3	0	4	3	3	2	3	1	4	3	1	2	1	2	3	2	2	2
M82	1	0	1	1	0	0	0	1	1	0	0	0	1	0	1	0	1	0	1	1	0	1	1	1	0	0	0	0	1	1	0	0	1	0	0	0	1	0	0	1	1	0	1	0	1	0	0	0	0	0	1	0	1	0	1	1	0	1	0	0	1	1	1	0	1	0	1	0	0	1	0	1	0	0	0	0	0	1	0	0	1	1	0	1	1	1	1	1	1	1	0	1	1	0	1	0	0	0	0	0	1	1	1	1	0	0	0	0	0	0	1	1	1	0	0	1	0	0	1	0	1	1	0	0	0	1	0	0	0	1	0	0	0	1	1	0	1	0	0	1	0	1	1	1	1	1	0	1	1	0	0	1	1	1	1	1	0	1	1	1	1	1	1	0	1	0	1	1	1	0	1	0	0	0	0	1	0	0	1	1	1	0	0	0	1	1	0	1	0	1	0	0	0	1	1	0	1	1	0	0	0	1
M83	3	0	2	2	2	2	2	2	2	0	1	2	2	2	2	1	3	2	3	1	1	2	2	2	1	2	0	2	2	2	0	1	2	1	1	1	2	1	2	2	1	1	2	1	1	1	1	1	1	2	2	1	2	2	2	1	1	2	2	1	1	2	2	1	2	1	3	1	2	2	2	2	1	1	1	1	1	2	1	0	2	2	2	1	2	2	2	2	2	1	1	2	3	1	2	2	1	2	0	1	2	1	3	1	2	2	1	1	2	2	2	1	1	1	2	1	1	2	2	1	1	2	1	2	2	2	0	1	1	1	0	1	1	2	3	1	2	2	1	1	2	3	1	1	2	2	2	2	2	1	1	2	2	2	2	1	1	2	1	2	2	2	1	1	2	0	2	1	1	0	2	1	1	1	2	2	0	1	2	2	2	1	0	1	2	1	2	2	2	2	2	0	2	2	2	2	2	1	1	1	1	2
M84	3	1	0	0	3	2	2	1	2	3	3	2	3	3	1	2	2	1	2	2	3	1	2	2	1	1	2	3	1	1	3	2	3	2	2	1	0	3	2	2	2	3	3	2	2	2	2	4	3	3	2	4	1	3	2	1	2	3	3	2	1	1	2	2	2	2	2	1	3	2	2	0	3	1	4	1	3	1	1	2	3	2	3	2	1	3	3	3	1	2	2	3	2	2	2	3	1	2	3	3	3	2	2	1	2	3	4	1	2	3	1	2	1	3	1	2	1	3	0	1	2	1	3	2	3	2	2	3	3	2	2	4	1	1	2	3	2	2	4	2	3	1	1	3	2	3	3	2	1	1	3	1	2	3	2	2	1	2	3	3	1	2	2	2	1	3	0	1	3	3	0	2	3	3	2	2	2	4	1	2	2	2	3	2	2	1	3	1	3	3	3	2	3	0	1	2	2	2	2	1	2	2
M85	1	0	0	0	0	1	0	0	1	1	1	0	0	1	0	0	0	0	0	0	1	0	0	0	1	0	1	0	0	0	1	0	1	1	0	0	0	1	1	0	1	1	0	1	0	1	1	1	1	1	0	1	0	1	0	1	0	1	0	1	1	1	0	1	1	1	0	0	1	0	0	0	1	0	1	1	1	1	1	1	0	0	1	1	1	1	0	1	0	1	1	0	0	1	0	0	1	0	1	1	0	0	0	0	0	0	1	1	1	1	0	1	1	0	0	1	0	0	0	0	0	0	1	0	0	1	1	1	0	0	1	1	0	0	0	1	1	0	1	1	0	0	0	1	0	0	1	0	0	1	1	1	0	0	0	1	0	0	1	1	0	0	0	0	0	1	0	1	1	1	0	0	1	1	1	0	1	1	0	0	1	0	1	0	1	0	0	0	0	0	1	1	1	0	0	0	0	1	1	0	0	0
M86	1	1	0	0	1	1	0	0	2	2	1	0	1	2	0	1	1	0	1	1	2	0	0	1	1	0	1	1	0	1	2	0	2	1	1	0	0	1	1	0	2	2	1	1	1	1	2	2	2	2	1	2	0	2	1	1	1	2	1	1	1	1	1	1	2	1	1	0	2	0	0	0	1	0	2	1	2	1	1	1	1	1	2	1	1	2	1	2	0	2	2	1	1	1	0	1	1	1	2	2	1	1	1	0	1	1	2	1	1	2	0	2	1	1	0	1	0	1	0	0	1	1	2	0	1	1	1	2	1	1	1	2	0	1	1	2	1	1	2	2	1	0	0	2	1	1	2	1	1	1	2	1	0	1	1	2	0	0	2	2	1	1	1	0	0	2	0	2	2	2	0	0	2	2	1	1	1	2	0	0	2	1	2	0	2	0	1	1	1	1	2	1	2	0	0	1	1	2	2	0	0	1
M87	0	3	2	1	2	1	1	0	2	3	1	1	2	1	1	1	2	2	2	1	1	1	1	1	1	1	1	1	0	2	2	1	2	2	2	1	2	1	1	2	2	2	1	2	3	0	2	2	2	3	2	2	1	2	1	2	1	2	2	2	2	2	1	1	2	2	2	1	2	1	2	2	2	2	2	0	2	2	1	2	2	2	2	1	1	1	1	2	1	2	1	3	2	0	1	2	2	2	1	2	2	1	2	1	2	2	1	1	1	2	1	2	1	3	1	2	1	2	2	1	2	2	3	1	2	1	1	3	2	1	1	1	1	1	2	2	2	2	2	1	1	1	1	2	2	2	3	1	2	2	2	1	2	3	2	1	2	2	2	2	2	2	2	1	1	2	1	1	2	2	2	0	1	2	2	2	1	2	2	1	3	1	2	1	2	2	1	1	2	2	2	2	1	0	2	3	2	1	1	1	1	1
M88	1	1	1	1	1	0	0	1	2	1	0	0	2	1	1	1	2	0	2	2	1	1	2	2	0	0	0	1	1	2	1	0	2	0	1	0	1	0	0	1	2	1	2	0	2	0	1	1	1	1	2	1	2	1	2	1	1	2	1	0	1	1	2	0	2	0	2	0	1	1	0	1	0	0	1	1	1	1	0	0	2	2	2	1	1	2	2	2	1	2	1	2	2	0	1	1	0	1	1	1	2	2	2	1	1	1	1	0	0	1	1	2	1	1	0	0	0	1	1	1	2	2	1	0	1	1	0	1	1	2	0	1	0	2	1	1	1	1	1	2	1	1	1	2	2	2	1	2	2	0	1	1	1	2	2	2	0	1	2	2	2	2	2	0	1	1	1	2	2	1	1	0	1	1	0	2	0	1	1	1	2	1	1	0	2	1	1	2	1	2	1	0	1	1	1	1	2	2	1	0	0	2
M89	1	2	3	2	2	2	2	0	1	2	1	2	1	1	1	1	2	3	2	0	0	2	0	1	2	2	1	1	1	2	1	1	1	3	2	2	3	1	2	2	1	1	0	3	2	0	2	1	2	3	2	1	1	2	1	2	1	1	2	2	2	3	1	2	2	3	2	2	2	1	3	3	2	3	1	0	1	3	2	2	1	2	2	1	2	0	0	1	2	1	1	2	2	0	1	2	3	2	0	2	1	0	2	1	2	2	0	2	2	2	2	2	1	2	2	3	2	2	3	1	1	2	3	2	2	1	1	2	1	0	1	0	2	1	2	1	2	2	1	0	1	2	1	1	1	1	3	0	2	3	1	2	2	2	1	0	3	2	1	1	2	2	1	1	2	1	2	0	1	1	3	0	0	2	3	2	1	1	2	1	3	1	1	1	2	2	1	1	2	1	2	2	1	1	2	3	1	0	1	2	1	0
M90	1	0	1	1	0	0	0	1	1	1	0	0	0	0	1	1	0	1	0	1	1	0	0	0	1	1	1	0	0	1	1	1	0	0	1	1	1	0	0	0	1	1	0	0	1	1	1	0	0	0	0	0	0	0	0	1	1	0	0	1	1	0	0	0	0	0	0	1	0	0	0	1	0	1	0	1	1	0	1	1	0	0	0	0	0	0	0	0	0	1	1	0	0	1	0	0	1	0	1	0	0	1	0	1	1	0	0	1	0	0	0	0	1	1	1	0	1	0	1	1	1	1	0	0	0	0	1	1	1	1	1	0	1	1	1	1	0	1	0	1	0	0	1	0	1	0	0	1	1	1	1	0	1	0	1	1	1	0	0	0	1	0	1	1	0	1	1	1	0	1	1	1	0	0	0	0	1	0	1	0	0	1	1	1	0	1	0	1	0	0	0	1	0	1	1	1	1	1	1	1	1	1
M91	1	0	0	0	1	1	1	1	0	0	1	1	1	1	1	0	1	1	1	0	0	0	1	0	0	1	0	1	0	0	0	1	0	0	0	0	0	1	0	1	0	1	1	0	0	1	0	1	0	1	0	1	0	1	0	0	0	1	1	1	0	0	0	0	0	0	1	0	1	1	1	0	1	0	1	0	1	0	0	0	1	0	1	0	0	0	1	1	1	0	0	1	1	1	1	1	0	1	0	0	1	0	1	0	1	1	1	0	1	1	0	0	0	1	1	0	0	1	0	0	0	0	0	1	0	1	0	1	1	0	0	1	0	0	1	1	1	1	1	0	1	1	0	0	1	1	1	1	0	0	1	0	0	1	1	0	0	1	0	1	0	0	0	1	0	0	0	0	0	0	0	1	1	0	1	0	0	1	1	1	0	0	0	1	0	0	1	0	1	1	1	0	1	0	1	1	1	0	0	0	1	1
M92	1	0	0	0	1	1	1	1	0	0	1	1	1	1	1	0	1	1	1	0	0	0	1	0	0	1	0	1	0	0	0	1	0	0	0	0	0	1	0	1	0	1	1	0	0	1	0	1	0	1	0	1	0	1	0	0	0	1	1	1	0	0	0	0	0	0	1	0	1	1	1	0	1	0	1	0	1	0	0	0	1	0	1	0	0	0	1	1	1	0	0	1	1	1	1	1	0	1	0	0	1	1	1	0	1	1	1	0	1	1	0	0	0	1	1	0	0	1	0	0	0	0	0	1	0	1	0	1	1	0	0	1	0	0	1	1	1	1	1	0	1	1	0	0	1	1	1	1	0	0	0	0	0	1	1	0	0	1	0	1	0	0	0	1	0	0	0	0	0	0	0	1	1	0	1	0	0	1	1	1	0	0	0	1	0	0	1	0	1	1	1	0	1	0	1	1	1	0	0	0	1	1
M93	2	2	1	2	2	1	2	3	2	1	1	2	3	2	2	2	3	1	3	3	1	1	3	3	0	2	0	3	2	2	2	2	3	1	2	0	2	1	1	3	2	2	4	0	2	2	2	2	1	2	2	2	3	3	2	1	2	3	3	2	1	2	2	1	3	1	3	0	2	3	1	1	2	0	2	2	3	2	1	0	3	2	4	2	2	3	3	3	2	2	2	3	3	2	3	2	1	3	1	2	4	4	4	3	2	2	3	0	1	2	2	2	2	2	2	1	1	2	1	2	2	3	1	1	2	3	0	2	2	3	1	3	1	3	2	2	2	3	2	3	3	2	1	3	3	4	1	3	2	1	3	1	1	3	3	2	0	2	2	3	2	2	2	1	2	2	3	3	3	1	0	2	2	1	1	2	0	2	2	3	2	2	2	2	2	2	2	2	2	3	2	0	2	2	2	2	4	3	2	1	1	3
M94	0	1	1	1	0	1	0	1	1	1	1	0	1	1	1	1	1	1	0	0	1	1	1	0	1	1	1	1	1	0	0	1	0	0	0	1	0	1	0	0	0	0	0	0	0	1	0	0	0	0	1	0	1	0	1	0	1	0	0	0	1	0	1	0	0	0	0	1	1	0	1	0	0	1	0	1	0	0	1	1	0	0	0	0	1	0	0	1	1	1	1	0	1	1	1	1	0	0	1	0	0	1	0	1	0	0	0	1	1	1	1	0	1	0	1	0	1	1	0	1	0	0	0	1	1	0	1	0	1	0	1	1	1	0	1	1	1	0	1	0	0	1	1	0	1	0	1	1	1	0	0	1	1	0	1	0	0	1	1	1	0	1	0	1	0	0	1	1	0	0	0	1	1	1	0	0	1	1	0	1	0	0	0	1	1	0	1	1	0	1	1	1	1	1	0	0	0	1	1	0	1	1
M95	1	0	1	1	0	0	0	1	1	1	0	0	0	0	1	1	0	1	0	1	1	0	0	0	1	1	1	0	0	1	1	1	0	0	1	1	1	0	0	0	1	1	0	0	1	1	1	0	0	0	0	0	0	1	0	1	0	0	0	1	1	0	0	1	0	0	0	1	0	0	0	1	0	1	0	1	1	0	1	1	0	0	0	0	0	0	0	0	0	1	1	0	0	1	0	1	1	0	1	0	0	1	0	1	1	0	0	1	0	0	0	0	1	1	1	0	1	0	1	1	1	1	0	0	0	0	1	1	1	1	1	0	1	1	1	1	0	1	0	1	0	0	1	0	1	0	0	1	1	1	0	0	1	0	1	1	1	0	0	0	1	0	1	1	0	1	0	1	0	1	1	1	0	0	0	0	1	0	1	0	0	1	1	1	0	1	0	1	0	0	0	1	0	1	1	1	1	1	1	1	1	1
M96	0	3	2	2	1	1	2	1	1	2	1	2	1	0	1	1	1	2	1	1	0	1	0	1	1	2	1	1	1	1	2	1	2	3	2	1	3	1	2	3	2	1	1	2	2	1	2	2	1	2	1	1	1	2	1	3	1	1	2	3	2	3	0	2	2	3	1	1	1	2	2	2	3	2	1	1	2	3	2	2	1	1	2	2	2	1	1	1	1	1	1	2	1	1	2	1	3	2	0	2	2	1	2	1	1	1	1	1	1	1	2	1	2	2	2	3	2	1	1	2	1	2	2	1	2	2	1	2	1	1	2	1	2	1	1	1	2	2	1	1	1	1	1	2	1	2	2	0	2	3	2	1	2	2	1	1	2	2	1	1	1	1	1	1	2	2	2	1	2	1	2	1	0	1	2	1	1	1	2	2	2	1	2	2	1	3	0	0	1	1	1	2	0	1	2	2	2	1	1	2	1	0
M97	1	2	3	2	2	2	2	1	1	2	1	2	1	1	1	1	2	3	2	0	1	2	0	1	2	2	2	1	1	2	1	0	2	3	2	2	3	1	2	2	1	1	0	3	2	0	2	3	2	3	2	1	0	1	2	3	1	2	2	2	2	3	1	2	2	3	2	2	2	1	3	3	2	3	1	0	1	3	2	2	1	2	2	1	2	0	1	1	1	1	1	2	2	0	1	1	3	2	0	2	1	0	2	0	2	2	0	2	2	2	2	2	1	3	2	3	2	2	2	1	1	2	3	2	2	1	1	2	1	0	1	0	2	1	2	1	2	1	1	0	1	2	1	1	1	1	3	0	3	3	1	2	2	2	1	1	2	2	1	1	2	2	1	1	2	1	2	0	1	1	3	0	0	2	3	2	1	1	2	1	3	1	1	1	2	2	1	1	2	1	2	2	1	2	1	3	1	0	1	2	1	0
M98	0	1	1	0	0	0	1	1	0	1	1	0	1	0	1	0	0	1	1	0	0	1	0	0	1	1	1	0	0	0	1	0	1	1	0	0	1	1	1	1	1	1	0	1	1	0	0	1	0	1	0	0	0	0	1	1	0	1	1	1	1	1	0	1	0	1	1	1	1	0	1	1	1	1	0	0	1	1	0	1	0	1	0	1	0	0	1	1	0	1	0	1	1	0	1	1	1	0	0	0	1	0	1	0	0	1	0	1	0	0	1	0	0	1	0	1	0	0	0	1	1	0	1	0	0	1	1	1	0	0	1	0	1	0	1	0	1	1	1	0	0	0	1	1	1	0	1	0	1	1	0	0	1	1	0	1	1	1	0	0	0	1	0	1	0	1	0	0	1	1	1	0	0	0	1	0	0	1	1	1	1	0	0	1	1	1	0	1	1	0	0	1	0	0	1	1	0	0	0	1	1	0
M99	1	1	0	0	2	1	2	1	0	1	2	2	1	1	0	1	0	0	1	2	2	2	2	2	1	0	2	1	2	1	1	2	0	0	1	2	0	2	2	1	1	1	2	2	1	1	0	1	2	0	1	2	1	0	2	1	1	1	1	0	0	0	2	1	0	1	1	2	0	2	1	1	1	1	2	1	0	0	0	1	2	2	0	2	0	2	2	0	2	0	0	1	0	1	1	1	0	1	2	1	0	0	0	1	1	2	2	1	1	0	1	2	0	0	0	1	1	1	1	1	2	0	2	2	1	1	2	0	1	2	1	1	1	1	0	0	0	0	1	1	2	1	2	1	0	1	0	1	0	0	1	1	1	1	1	1	2	1	1	0	1	1	1	2	2	1	0	0	1	2	2	2	2	1	1	2	2	1	1	1	0	2	1	1	0	1	2	1	2	1	0	1	1	1	1	0	0	0	0	2	2	1
M100	0	1	0	0	1	0	0	0	1	0	0	0	1	1	1	1	1	0	1	1	1	0	1	1	0	1	0	1	0	1	1	0	1	0	1	0	0	0	0	0	1	1	1	0	1	0	1	1	1	1	1	1	1	1	1	0	1	1	1	0	0	0	1	0	1	0	1	0	1	0	0	0	0	0	1	0	1	0	0	0	1	1	1	0	0	1	1	1	0	1	1	1	1	0	0	1	0	1	1	1	1	1	1	1	1	1	1	0	0	1	0	1	0	1	0	0	1	1	1	0	1	1	0	0	0	0	0	1	1	1	0	1	0	1	1	1	0	1	1	1	1	0	0	1	0	1	0	1	1	0	1	0	0	1	0	1	0	0	1	1	1	1	1	0	0	1	0	1	1	1	0	0	1	1	0	1	0	1	0	0	1	1	1	0	1	0	1	1	1	1	1	0	1	0	0	1	1	1	1	0	0	1
M101	0	1	1	1	1	1	0	0	1	1	0	1	0	0	0	0	1	1	0	0	0	0	0	0	0	0	0	0	0	1	0	0	0	1	1	1	1	0	0	1	0	0	0	1	1	0	1	1	1	1	1	1	0	1	0	1	0	0	0	1	1	1	0	0	1	1	0	0	0	1	0	1	1	1	1	0	0	1	1	1	1	0	1	0	1	0	0	0	1	0	0	1	0	0	0	0	1	1	0	1	0	0	0	0	1	0	0	0	1	1	0	1	1	1	1	1	1	1	1	0	0	1	1	1	1	0	0	1	1	0	0	0	0	0	0	1	1	0	0	0	0	0	0	0	1	1	1	0	1	1	1	1	1	1	1	0	1	1	1	1	1	0	1	0	1	0	1	0	0	0	1	0	0	1	1	1	1	0	1	0	1	0	1	0	0	1	0	0	0	1	1	1	0	1	0	1	1	0	0	0	0	0
M102	1	1	1	1	2	2	1	1	1	1	0	2	1	1	1	0	2	2	1	0	0	0	1	0	0	1	0	1	0	1	0	1	0	2	1	1	1	1	0	2	0	1	1	1	1	1	1	1	1	2	1	2	1	2	0	1	0	1	1	2	1	1	0	0	1	1	1	0	1	2	1	1	2	1	2	1	1	1	1	1	2	0	2	0	1	0	1	1	2	0	0	2	1	1	1	1	1	2	0	1	1	1	1	0	2	1	1	0	2	2	0	1	1	2	2	1	1	2	1	1	0	1	1	2	1	1	0	2	2	0	0	1	0	0	1	2	2	1	1	1	1	1	0	0	2	2	2	1	1	1	1	1	1	2	2	0	1	2	1	2	2	0	1	1	1	0	2	0	0	0	1	1	1	1	2	1	1	1	2	1	1	0	1	1	0	1	0	0	1	2	2	1	1	1	1	2	2	0	0	0	1	1
M103	0	2	1	1	2	2	1	1	1	1	1	2	0	1	0	0	1	1	1	1	1	1	1	1	1	0	1	0	1	2	0	1	0	1	1	2	1	1	1	1	0	1	1	2	1	1	1	1	2	1	1	2	0	1	1	1	0	1	0	1	1	1	1	1	1	1	1	1	0	2	0	2	1	1	2	1	0	1	1	1	2	1	1	1	1	1	1	0	2	0	0	1	0	1	0	0	1	1	1	1	0	0	0	0	2	1	1	1	2	1	0	2	1	1	1	1	1	1	2	0	1	1	2	2	1	1	1	1	1	1	0	1	0	1	0	1	1	0	0	1	1	1	1	0	1	1	1	1	2	1	1	2	1	1	2	1	2	2	1	1	2	0	1	1	2	0	1	0	0	1	2	1	1	2	2	2	2	0	2	0	1	1	1	0	0	1	1	1	1	1	1	1	1	2	1	1	1	0	0	1	1	1
M104	0	1	0	0	1	0	0	0	1	0	0	0	1	1	1	1	1	0	1	1	1	0	1	1	0	0	0	1	0	1	1	0	1	0	1	0	0	0	0	0	1	1	1	0	1	0	1	1	1	1	1	1	1	1	1	0	1	1	1	0	0	0	1	0	1	0	1	0	1	0	0	1	0	0	1	0	1	0	0	0	1	1	1	0	0	1	1	1	0	1	1	1	1	0	0	1	0	1	1	1	1	1	1	1	1	1	1	0	0	1	0	1	0	1	0	0	1	1	1	0	1	1	0	0	0	0	0	1	1	1	0	1	0	1	1	1	0	1	1	1	1	0	0	1	0	1	0	1	1	0	1	0	0	1	0	1	0	0	1	1	1	1	1	0	0	1	0	1	1	1	0	0	1	1	0	1	0	1	0	0	1	1	1	0	1	0	1	1	1	1	1	0	1	0	0	1	1	1	1	0	0	1
M105	1	1	1	1	0	2	0	1	2	2	2	0	1	2	1	1	0	1	0	0	1	1	1	0	2	1	1	1	2	0	1	1	1	1	0	1	0	1	1	0	1	1	0	1	0	2	1	1	1	1	1	1	1	1	1	0	2	1	0	1	2	0	1	1	1	1	0	1	2	0	1	1	1	1	1	2	1	1	2	2	0	0	0	1	2	1	0	2	1	2	2	0	1	2	1	1	1	0	2	1	0	0	0	1	0	0	1	2	2	2	1	1	2	0	1	1	1	1	1	1	0	0	1	1	1	1	2	1	1	0	2	2	1	0	1	2	2	0	2	1	0	1	1	1	1	0	2	1	0	1	1	2	1	0	0	1	0	0	2	2	0	1	0	1	0	1	1	2	1	1	0	1	2	1	1	0	2	2	0	1	1	0	1	1	2	0	0	0	0	0	2	2	2	1	0	0	0	2	2	0	1	1
M106	3	0	2	2	2	2	2	2	1	0	1	2	2	2	2	1	3	2	3	1	1	2	2	2	1	2	1	2	1	2	0	1	2	2	1	1	2	2	1	2	0	1	2	1	1	1	1	1	1	2	2	1	2	1	2	1	1	2	2	1	1	2	2	1	1	1	2	1	2	2	2	1	1	1	1	2	1	2	1	0	2	2	3	1	2	1	2	2	2	1	1	1	3	1	2	2	2	2	0	1	2	2	3	1	2	2	1	1	2	2	2	1	1	2	2	1	1	2	1	2	1	2	1	2	2	2	0	1	1	1	0	1	1	2	2	1	2	2	1	1	2	3	1	1	2	2	2	2	2	1	2	2	1	2	2	1	1	2	1	2	3	2	2	1	2	0	3	1	1	0	1	1	1	1	2	2	0	1	2	2	2	1	0	1	2	1	1	2	2	2	2	0	2	2	2	2	2	1	1	1	1	2
M107	1	1	1	1	1	0	0	1	2	1	1	0	2	1	2	1	2	0	2	2	1	2	2	2	0	0	0	1	1	2	1	0	2	0	1	0	1	1	0	1	1	1	2	0	2	0	1	1	1	1	2	1	2	1	2	0	1	1	1	0	1	1	2	0	2	0	2	0	1	1	0	2	0	0	1	1	1	1	0	0	2	2	2	1	1	2	2	2	1	2	1	1	2	0	1	1	1	1	1	1	2	2	2	2	1	1	1	0	0	1	1	1	1	1	0	0	1	1	2	0	2	2	0	0	1	1	0	1	1	1	0	1	0	2	1	1	1	2	1	2	1	1	1	2	1	2	0	2	2	0	2	1	0	2	1	2	0	1	2	2	2	2	2	0	1	1	1	2	2	1	0	0	1	1	0	2	0	1	1	1	2	1	1	0	2	1	1	2	1	2	1	0	1	1	1	1	2	2	1	0	0	2
M108	3	1	1	1	3	2	2	0	2	2	2	2	2	3	1	3	2	1	2	2	3	3	2	3	2	1	2	3	2	2	3	1	3	2	3	2	1	1	3	1	3	2	2	2	2	1	3	3	4	3	3	3	2	2	3	2	4	3	3	1	1	2	3	2	2	3	1	2	3	1	2	2	2	2	3	1	2	2	2	2	2	3	2	2	2	3	2	2	1	2	3	2	2	1	1	3	2	3	3	4	1	1	2	2	2	3	3	2	2	3	2	4	1	2	1	3	3	3	2	1	2	2	3	2	2	1	2	2	2	1	2	3	2	2	2	2	1	1	3	2	3	1	1	3	0	2	2	1	2	2	2	2	2	2	0	2	2	1	3	2	2	3	3	1	2	3	1	2	3	3	2	1	3	4	2	3	2	3	0	1	3	3	3	1	3	1	3	2	3	2	3	2	3	1	0	2	1	2	3	2	1	2
M109	1	1	2	2	1	2	1	1	1	1	1	1	1	2	1	2	1	2	1	0	2	1	1	1	2	2	2	2	1	1	0	1	1	1	1	2	1	1	1	0	0	0	0	1	0	1	1	0	1	1	2	0	1	0	2	1	2	1	1	1	1	1	2	1	0	1	1	2	2	0	2	0	0	2	0	1	0	1	2	1	0	1	1	0	2	0	0	1	1	1	2	0	2	1	1	2	1	1	1	1	0	0	1	1	1	1	0	2	2	2	2	1	1	1	2	1	2	2	0	2	0	1	1	2	2	0	1	0	2	0	1	1	2	1	2	1	1	0	2	0	1	2	1	0	1	0	2	1	1	1	0	2	2	0	0	0	1	0	1	1	1	2	1	1	1	0	2	1	0	0	1	1	1	2	1	1	1	1	0	1	1	1	0	1	2	0	1	1	1	0	2	1	2	2	0	1	0	1	2	1	1	1
M110	1	2	1	1	1	0	1	1	2	1	1	1	2	1	2	2	2	0	2	3	1	2	2	2	0	1	0	2	2	2	2	1	3	1	2	0	2	1	1	2	2	1	3	0	3	1	2	1	1	1	2	1	3	2	2	1	2	1	2	1	1	2	2	1	3	1	2	0	1	2	1	2	1	0	1	2	2	2	1	0	2	2	3	2	2	3	2	2	1	2	2	1	2	1	2	1	2	2	1	2	3	3	3	3	1	1	2	0	0	2	2	1	2	1	1	1	1	1	2	1	2	3	0	0	2	2	0	1	1	2	1	1	1	3	1	1	1	3	1	3	2	2	1	3	1	3	0	2	2	1	3	1	0	2	2	2	0	1	2	2	2	2	2	0	2	2	2	3	3	1	0	2	1	1	0	2	0	1	1	2	2	2	2	1	2	2	1	2	1	3	1	0	1	1	2	1	3	3	2	1	0	2
M111	1	0	0	1	1	1	1	1	1	0	0	1	1	1	1	0	1	1	1	0	0	0	1	0	0	1	0	1	0	0	0	1	0	1	0	0	0	1	0	1	0	1	1	0	0	1	0	1	0	1	0	1	1	1	0	0	0	1	1	1	0	0	1	0	0	0	1	0	1	1	1	0	1	0	1	0	1	0	0	0	1	0	1	0	0	0	1	1	1	0	0	1	1	1	1	1	0	1	0	0	1	1	1	0	1	1	1	0	1	1	0	0	0	1	1	0	0	1	0	1	0	0	0	1	0	1	0	1	1	0	0	1	0	0	1	1	1	1	1	0	1	1	1	0	1	1	1	1	0	0	1	0	0	1	1	0	0	1	0	1	1	0	0	1	0	0	1	0	0	0	0	1	1	0	1	0	0	1	1	1	0	0	0	1	0	0	0	0	1	1	1	0	1	0	1	1	1	0	0	0	1	0
M112	0	1	0	1	0	0	1	0	0	0	0	1	0	0	0	1	0	0	0	1	0	0	0	0	0	1	1	1	1	0	1	1	1	1	0	0	1	0	1	1	1	0	1	0	1	1	1	0	0	0	0	0	1	1	0	1	1	0	1	1	0	1	0	1	1	1	0	0	0	1	1	0	1	0	0	1	1	1	1	0	0	0	1	1	1	1	0	0	0	0	1	0	0	1	1	0	1	1	0	1	1	1	1	1	0	0	1	0	0	1	1	0	1	0	1	1	0	0	0	1	0	1	0	0	1	1	0	0	0	1	1	0	1	1	0	0	0	1	0	1	1	1	0	1	0	1	0	0	0	1	1	0	0	0	1	0	0	0	0	0	0	0	0	0	1	1	1	1	1	0	0	1	0	0	0	0	0	0	0	1	0	1	1	1	0	1	0	0	0	1	0	0	0	0	1	0	1	1	1	1	0	0
M113	1	1	1	0	0	0	1	1	0	2	2	0	1	1	1	0	1	1	1	0	0	1	0	0	2	1	1	0	1	0	2	1	2	2	1	0	1	1	2	1	2	2	0	2	1	1	1	2	1	2	0	1	0	1	0	1	1	2	1	2	2	2	0	2	1	2	1	1	1	0	1	2	2	1	2	1	2	2	1	2	0	0	0	2	1	1	0	2	0	2	1	1	1	1	1	1	2	0	1	1	1	1	1	0	1	1	1	2	2	1	1	1	1	1	0	2	0	0	1	1	1	0	2	0	0	2	2	2	0	1	2	1	1	0	1	1	2	1	2	1	0	0	1	2	1	0	2	0	0	2	1	1	1	1	0	2	1	1	1	1	0	1	1	1	0	2	0	1	1	2	1	0	1	1	2	0	1	2	1	1	2	0	1	1	2	1	1	1	1	0	1	2	1	0	1	1	0	1	1	1	1	1
M114	0	3	1	2	1	2	2	2	1	1	2	2	1	2	1	2	0	1	1	2	2	1	2	1	2	2	2	2	3	1	1	3	1	1	0	2	1	2	2	1	2	1	2	1	1	3	1	0	1	0	1	1	2	1	2	1	2	1	1	2	1	1	2	2	1	1	1	1	2	2	2	1	1	1	1	3	1	1	2	1	1	1	1	2	2	2	2	1	2	1	2	0	1	3	2	1	1	1	2	1	1	2	1	2	1	1	2	2	1	2	2	1	2	0	2	1	1	1	1	2	1	1	1	2	2	2	2	0	1	2	2	2	2	2	1	1	1	1	1	1	2	3	2	1	1	1	1	2	1	1	1	2	1	0	2	1	1	1	1	1	1	1	0	2	2	1	2	2	1	1	1	2	2	1	1	1	2	1	1	2	0	2	1	2	1	1	1	1	1	1	1	1	2	2	2	0	1	2	2	2	2	2
M115	2	1	2	1	0	1	0	2	2	3	3	0	2	2	2	1	1	1	1	1	1	1	2	1	2	2	0	1	3	1	1	2	2	1	0	1	1	2	1	1	1	1	1	1	1	2	1	1	1	1	2	1	2	1	2	0	2	1	0	2	3	2	2	1	2	1	2	1	2	1	1	2	1	1	1	3	1	2	2	2	1	1	1	2	3	2	1	3	2	3	2	0	2	2	2	1	2	0	2	1	1	0	1	2	0	0	1	2	1	2	2	1	3	0	1	1	1	1	2	1	1	0	1	1	2	2	2	1	1	1	2	2	1	1	1	2	3	1	2	2	0	2	2	2	2	1	2	2	1	1	2	3	1	1	1	2	0	1	3	3	1	2	1	1	1	1	2	3	2	1	0	2	2	2	1	1	2	2	1	2	2	0	1	1	3	1	0	1	0	1	2	2	2	2	1	0	1	3	2	0	1	3
M116	1	2	1	1	1	2	1	2	1	2	3	1	1	3	1	1	0	1	1	1	2	1	2	1	3	2	1	1	3	1	1	3	1	1	1	2	0	2	2	0	2	2	1	2	0	3	1	1	2	1	1	2	1	1	1	0	2	2	0	2	2	1	2	2	1	1	1	1	3	1	1	2	1	1	2	3	1	1	2	2	1	1	0	2	2	2	1	2	2	2	2	0	1	3	1	1	1	0	3	1	0	1	0	1	1	1	2	3	2	2	1	2	2	0	1	1	1	1	2	1	1	1	2	2	1	2	3	1	1	1	2	3	1	2	1	2	2	0	2	1	1	2	2	1	1	0	2	2	1	1	1	3	1	0	0	2	1	1	2	2	1	1	0	2	1	1	1	2	1	2	1	2	3	2	2	1	3	2	1	1	1	1	1	1	2	0	1	2	1	0	2	2	3	2	1	0	0	2	2	1	2	3
M117	0	1	1	0	0	0	1	1	0	1	1	0	1	0	1	0	1	1	1	0	0	1	0	0	1	1	1	0	0	0	1	0	1	1	1	0	1	1	1	1	1	1	0	1	1	0	0	1	0	1	0	0	0	0	0	1	0	1	1	1	1	1	0	1	0	0	1	1	0	0	1	1	1	1	1	0	1	1	0	1	0	0	0	1	0	0	0	1	0	1	0	1	1	0	1	1	1	0	0	0	1	1	1	0	1	1	0	1	1	0	1	0	0	1	0	1	0	0	1	1	1	0	1	0	0	1	1	1	0	1	1	0	1	0	1	0	1	1	1	0	0	0	1	1	1	0	1	0	0	1	0	0	1	1	0	1	1	1	0	0	0	1	1	1	0	1	0	0	0	1	1	0	0	0	1	0	0	1	1	1	1	0	0	1	1	1	1	0	1	0	0	1	0	0	1	1	0	0	0	1	1	0
M118	0	3	0	1	2	1	2	1	1	0	1	2	1	2	1	2	1	0	2	3	2	2	2	2	1	1	2	2	2	2	2	2	2	1	1	1	1	1	1	1	2	2	3	1	2	2	2	1	2	1	1	2	2	2	2	1	2	2	2	1	0	1	2	2	2	2	1	0	2	2	1	2	1	0	1	2	2	1	1	0	2	2	2	2	1	3	3	1	1	1	2	2	1	2	1	1	1	2	2	2	2	2	2	2	2	2	3	1	1	1	1	2	1	1	1	1	1	1	1	1	2	2	1	1	2	2	1	1	1	2	1	2	1	3	1	1	0	2	1	2	3	2	1	2	0	2	0	2	2	1	2	1	0	1	2	2	1	1	1	1	2	1	1	1	2	2	1	2	2	2	1	2	2	1	1	2	1	1	1	1	1	3	2	1	1	1	2	2	2	2	1	0	2	1	2	1	2	2	2	2	1	2
M119	1	1	1	2	2	1	1	0	1	0	0	1	1	2	2	2	2	1	2	1	2	2	1	2	1	0	1	2	0	2	1	1	2	1	1	1	1	0	1	0	1	1	1	1	1	0	1	1	2	2	2	1	1	2	2	1	2	2	2	0	0	1	1	1	1	1	1	1	2	1	1	1	0	1	0	0	1	1	1	0	1	2	2	0	1	1	1	1	0	1	2	1	2	0	0	2	0	2	1	2	1	1	2	1	2	2	1	1	1	2	1	2	0	2	1	1	2	2	0	1	2	2	0	1	2	0	0	1	2	0	0	1	1	2	1	2	0	0	2	1	2	1	0	1	0	1	1	1	2	1	1	1	1	1	1	1	1	0	1	1	2	1	2	1	1	1	1	2	1	2	1	1	1	2	1	2	0	1	0	0	2	2	1	0	2	0	2	2	2	1	2	0	2	1	0	2	1	1	2	1	0	1
M120	0	3	2	3	2	2	0	1	3	2	1	1	2	2	3	2	2	2	1	1	2	1	2	2	1	1	0	2	1	2	1	1	1	1	2	2	1	1	1	1	1	2	1	1	1	1	2	2	2	2	2	2	2	2	2	1	2	1	1	1	2	1	2	0	2	1	2	2	2	1	1	1	1	2	1	1	1	1	2	2	2	2	2	0	2	1	1	2	2	2	2	1	2	1	1	2	1	2	2	2	1	0	1	2	1	1	1	1	1	3	1	2	2	2	2	1	3	3	1	1	1	2	1	2	2	0	1	2	3	0	1	2	1	1	2	3	2	1	2	2	1	1	1	1	2	2	2	2	2	1	2	2	2	2	2	1	1	1	3	3	2	2	1	1	1	1	2	2	2	1	1	2	2	3	1	2	2	2	1	1	2	1	2	1	2	1	1	2	1	2	3	2	2	2	0	2	2	2	2	0	1	2
M121	0	1	0	1	1	0	0	0	1	0	0	0	1	1	1	1	1	0	1	1	1	1	1	1	0	0	0	1	0	1	1	0	1	0	1	0	0	0	0	0	1	1	1	0	1	0	1	1	1	1	1	1	1	1	1	0	1	1	1	0	0	0	1	0	1	0	1	0	1	0	0	1	0	0	0	0	1	0	0	0	1	1	1	0	0	1	1	1	0	1	1	1	1	0	0	1	0	1	1	1	1	0	1	1	1	1	1	0	0	1	0	1	0	1	0	0	1	1	0	0	1	1	0	0	1	0	0	1	1	0	0	1	0	1	1	1	0	0	1	1	1	0	0	1	0	1	0	1	1	0	1	0	0	1	1	1	0	0	1	1	1	1	1	0	0	1	0	1	1	1	0	1	1	1	0	1	0	1	0	0	1	1	1	0	1	0	1	1	1	1	1	0	1	0	0	1	1	1	1	0	0	1
M122	0	1	1	0	0	0	1	1	0	1	1	0	1	0	0	0	1	1	1	0	0	1	0	0	1	1	1	0	0	0	1	0	1	1	1	0	1	1	1	1	1	1	0	1	1	0	0	0	0	1	1	0	0	0	0	0	0	1	1	1	1	1	0	1	0	0	1	1	0	0	1	1	1	1	1	0	1	1	0	1	0	0	0	1	0	0	0	1	0	1	0	1	1	0	1	1	1	0	0	0	1	1	1	0	1	1	0	1	1	0	1	1	0	1	0	1	0	0	1	1	1	0	1	0	0	1	1	1	0	1	1	0	1	0	1	0	1	1	1	0	0	0	1	1	1	0	1	0	0	1	0	0	1	1	0	1	1	1	0	0	0	1	1	1	0	1	0	0	0	1	1	0	1	0	1	0	0	1	1	1	1	0	0	1	1	1	1	0	1	0	0	1	0	0	1	1	0	0	0	1	1	0
M123	1	0	1	1	0	1	1	0	0	0	0	1	0	1	1	1	1	1	1	0	1	1	1	1	1	0	1	1	0	1	0	1	1	1	0	1	1	0	1	0	0	0	0	1	0	0	0	0	1	1	1	0	0	1	1	1	1	1	1	0	0	1	0	1	0	1	0	1	1	1	1	0	0	1	0	0	0	1	1	0	0	1	1	0	1	0	0	0	0	0	1	0	1	0	0	1	0	1	0	1	0	1	1	0	1	1	0	1	1	1	1	0	0	1	1	1	1	0	0	1	1	1	0	1	1	0	0	0	1	0	0	1	1	1	0	1	0	0	1	0	1	1	0	0	0	0	1	0	1	1	0	0	1	0	0	0	1	0	0	0	1	0	1	1	1	0	1	1	1	1	1	0	0	1	1	1	0	0	0	0	1	1	0	0	1	0	1	1	1	0	1	0	1	1	0	1	0	0	1	1	0	0
M124	0	1	0	1	0	0	1	0	0	0	0	1	0	0	0	1	0	0	0	1	0	0	0	0	0	1	1	1	1	0	1	1	1	1	0	0	1	0	1	1	1	0	1	0	1	1	1	1	0	0	0	0	1	1	1	1	1	0	1	1	0	1	0	1	1	1	0	0	0	1	1	0	1	0	0	1	1	1	1	0	0	0	1	1	1	1	0	0	0	0	1	1	0	1	1	0	0	1	0	1	1	1	1	1	0	0	1	0	0	0	1	0	1	0	1	1	0	0	0	1	0	0	0	0	0	1	0	0	0	1	1	0	1	1	0	0	0	0	0	1	1	1	0	1	0	1	0	0	0	1	1	0	0	0	1	0	0	0	0	0	0	0	1	0	1	1	1	1	1	0	0	1	1	0	0	0	0	0	0	1	0	1	1	1	0	1	0	0	0	1	0	0	0	0	1	0	1	1	1	1	0	0
M125	2	1	2	2	1	1	3	2	1	1	1	2	2	2	2	1	3	3	3	0	2	3	2	1	2	2	2	2	0	1	1	2	2	3	1	1	2	2	2	1	1	1	1	1	1	1	0	1	1	3	1	1	1	2	1	1	1	3	3	2	0	2	1	2	0	1	2	2	2	2	3	2	2	1	2	0	2	2	1	1	2	1	2	1	1	0	2	2	1	1	1	2	3	1	2	3	1	2	0	1	2	3	3	0	3	3	1	2	3	2	2	2	0	2	2	2	1	1	1	3	2	1	1	2	1	2	1	2	2	0	1	1	2	1	2	2	2	2	3	0	2	2	2	1	2	1	3	1	1	2	1	0	2	2	1	1	2	2	0	1	1	1	2	3	1	1	2	1	1	2	2	1	2	1	3	1	0	2	2	2	2	1	1	2	2	1	3	1	3	1	2	1	2	1	2	3	2	0	1	2	2	0
M126	0	1	0	0	1	0	0	1	0	0	0	0	1	1	1	1	1	0	1	1	1	1	1	1	0	0	0	1	1	1	0	0	1	0	1	0	0	0	0	0	1	1	1	1	1	0	1	1	1	1	1	1	1	1	1	0	1	1	1	0	0	0	1	0	1	0	0	0	1	0	0	1	0	0	0	0	1	0	0	0	0	1	1	0	0	1	1	1	0	1	1	1	1	0	0	1	0	1	1	1	1	0	1	1	1	1	1	0	0	1	0	1	0	1	0	0	1	1	0	0	1	1	0	0	1	0	0	1	1	1	0	1	0	1	1	1	0	0	1	1	1	0	0	1	0	1	0	1	1	0	1	0	0	1	1	1	0	0	1	1	1	1	1	0	0	1	0	1	1	1	0	1	1	1	0	1	0	1	0	0	1	1	1	0	1	0	1	1	1	1	1	0	1	0	0	1	0	1	1	0	0	1
M127	1	1	0	1	2	2	2	2	2	0	1	2	1	2	1	0	1	1	2	1	2	2	2	1	1	1	1	1	1	1	0	2	0	1	0	1	0	2	0	0	0	0	2	1	0	2	0	1	1	1	0	2	1	1	0	0	0	2	1	1	1	0	2	1	0	1	1	0	2	2	1	1	1	1	2	1	1	0	0	0	2	1	1	1	0	1	2	1	2	0	0	1	1	2	1	1	1	1	1	0	1	2	1	0	2	2	2	1	2	1	0	1	0	0	1	0	0	1	1	1	1	1	1	2	1	2	1	1	1	1	0	1	0	1	1	1	2	2	1	0	2	2	2	0	1	1	1	2	1	0	1	1	0	1	1	1	1	2	0	1	1	0	0	2	1	0	1	0	0	1	1	1	1	0	2	1	1	1	2	1	0	1	1	1	0	0	2	1	2	1	1	0	2	1	2	1	1	0	0	1	2	1
M128	1	0	0	0	1	1	0	0	0	1	1	1	1	0	1	1	0	0	0	1	0	1	0	1	0	0	1	1	1	0	1	0	0	0	1	1	0	1	1	1	1	1	1	0	1	0	1	1	1	0	1	1	1	0	1	1	1	0	1	0	0	0	1	1	0	1	0	1	0	0	1	0	1	1	1	0	0	0	0	1	1	1	0	1	0	1	1	0	1	0	0	1	0	0	1	1	1	1	1	1	0	0	0	1	0	0	1	0	0	0	1	1	0	0	0	0	1	1	0	0	1	1	1	1	1	0	1	0	0	1	1	1	1	0	1	0	0	0	0	0	1	1	1	1	0	1	0	0	0	0	0	1	1	1	0	0	1	1	1	0	0	1	1	1	1	1	0	0	1	0	1	1	1	1	0	1	1	1	1	1	0	0	1	1	0	1	1	0	1	1	0	1	0	0	0	0	0	0	0	1	1	0
M129	3	1	2	2	3	2	3	3	3	1	2	3	2	2	2	1	3	2	4	2	4	3	4	3	2	1	2	2	2	3	0	3	2	2	0	2	2	3	1	1	0	0	3	2	1	2	1	1	2	2	1	2	2	2	2	1	1	3	2	1	2	2	2	1	1	2	2	1	3	4	2	3	1	3	2	2	2	2	1	0	3	3	3	2	2	2	3	2	3	1	2	1	3	3	2	2	2	2	1	1	2	3	3	1	3	3	2	2	3	2	2	2	1	1	2	1	1	2	2	2	2	2	2	3	3	3	1	1	2	2	0	2	2	3	1	2	3	3	2	1	3	3	3	1	2	1	2	3	3	1	2	2	1	2	2	2	2	3	1	2	3	1	2	3	3	0	3	2	1	2	2	1	1	1	3	3	1	1	2	2	2	2	1	1	2	1	2	3	3	2	2	0	3	3	3	2	2	1	1	2	2	2
M130	1	0	0	1	1	1	1	1	1	0	0	1	1	1	1	0	1	1	1	0	1	1	1	0	0	1	0	1	0	0	0	1	0	1	0	0	0	1	0	0	0	0	1	0	0	1	0	1	1	1	0	1	1	1	0	0	0	1	1	1	0	0	1	1	0	0	1	0	1	1	1	0	1	1	1	0	1	0	0	0	1	0	1	0	0	0	1	1	1	0	0	1	1	1	1	1	0	1	0	0	1	1	1	0	1	0	1	0	1	1	0	1	0	0	1	0	0	1	0	1	0	0	0	1	0	1	0	1	1	0	0	0	0	0	1	1	1	1	1	0	1	1	1	0	1	0	1	1	0	0	1	0	0	1	1	0	0	1	0	1	0	0	0	1	0	0	1	0	0	0	0	1	1	0	1	0	0	1	1	1	0	0	1	1	0	0	1	0	1	1	1	0	1	0	1	1	1	0	1	0	1	0
M131	1	0	0	0	0	0	0	0	0	1	0	0	0	1	0	0	0	0	0	0	0	0	0	0	1	1	0	0	1	0	1	1	1	1	1	0	0	0	1	1	1	1	0	1	0	1	0	1	1	1	1	1	0	1	0	0	1	1	0	1	1	1	0	1	1	1	0	0	1	0	0	1	1	0	1	1	1	1	1	1	0	0	0	1	1	1	0	1	0	1	1	0	0	1	0	0	1	0	1	1	0	0	0	0	0	0	1	1	1	1	0	0	1	1	0	1	0	0	1	0	0	0	1	0	0	1	1	1	0	0	1	1	0	1	0	1	1	0	1	1	0	0	0	1	0	1	1	0	0	1	1	1	0	0	0	1	0	0	1	1	0	1	0	0	0	1	0	1	1	1	0	1	1	1	1	0	1	1	0	0	1	1	1	0	1	0	1	0	0	0	1	1	1	0	0	0	0	1	1	0	0	1
M132	0	2	1	0	1	0	1	2	0	1	1	0	2	1	1	1	2	1	2	1	1	2	1	1	1	1	1	1	1	1	1	0	2	1	2	0	1	1	1	1	2	2	1	1	2	1	1	2	1	2	1	1	1	1	2	0	1	2	2	1	1	1	1	1	1	0	1	1	1	0	1	2	1	0	1	0	1	1	0	1	1	0	1	1	0	1	2	2	0	2	1	2	2	0	1	1	1	1	1	1	1	1	2	1	2	2	1	1	1	1	1	1	0	2	0	1	1	1	1	1	2	1	1	0	1	1	1	2	1	1	1	1	1	1	2	1	1	1	2	1	1	0	1	2	1	1	1	1	1	1	1	0	1	2	1	2	1	1	1	1	1	2	2	1	0	2	0	1	1	2	1	1	2	1	1	1	0	1	1	1	2	1	1	1	2	1	2	1	2	1	1	1	1	0	1	2	1	1	1	1	1	1
M133	2	0	1	1	1	1	1	0	0	1	1	2	1	0	2	2	1	1	1	1	1	2	1	2	1	0	2	2	1	1	1	1	1	1	1	2	1	1	2	1	1	1	1	1	1	0	1	1	1	1	1	1	1	1	2	2	2	1	2	0	0	1	1	1	0	2	0	1	1	1	2	0	1	2	1	0	0	1	1	1	1	2	1	1	1	1	1	0	1	0	1	1	1	1	1	2	1	2	1	2	0	1	1	1	1	1	1	0	1	1	2	1	0	1	1	1	2	1	0	1	2	2	1	2	2	0	1	0	1	1	1	2	2	1	1	1	0	0	1	0	2	2	1	1	0	2	1	0	1	1	0	1	2	1	0	0	2	1	1	0	1	1	2	1	2	1	1	1	2	1	2	1	1	2	1	2	1	1	1	1	1	1	1	1	1	1	1	1	2	1	1	1	1	1	0	1	0	0	0	2	1	0
M134	1	1	1	0	0	1	1	1	0	2	2	1	2	0	1	1	1	1	1	1	0	2	0	1	1	1	2	1	1	0	2	0	1	1	2	1	1	2	2	2	2	2	1	0	2	0	1	2	1	1	1	1	1	0	2	1	1	1	2	1	1	1	1	2	0	1	1	1	0	0	2	1	2	1	2	0	0	1	0	2	2	1	0	2	0	1	2	1	1	1	0	2	1	0	2	2	2	1	1	1	0	1	1	1	1	1	1	1	1	0	2	1	0	1	0	1	1	1	1	1	2	1	2	1	1	1	2	1	0	1	2	1	1	0	2	0	1	1	1	0	1	1	2	2	1	1	1	0	0	1	0	1	2	2	0	1	2	2	1	0	0	2	2	2	1	2	0	0	1	0	2	1	2	1	1	1	1	1	2	2	1	0	1	2	1	2	2	0	2	1	0	2	0	0	0	1	1	0	0	2	2	0
M135	0	1	1	1	1	1	0	0	1	1	0	1	0	0	1	0	1	1	0	0	0	0	0	1	0	0	0	0	0	1	1	0	0	1	1	1	1	0	0	0	0	0	0	1	1	0	1	1	1	1	1	1	0	1	0	1	0	0	0	0	1	1	1	1	1	1	0	1	0	1	1	0	1	1	1	0	0	1	1	1	1	1	1	0	1	0	0	0	1	0	0	0	0	0	0	1	1	1	0	0	1	0	0	0	0	0	1	0	1	1	1	1	1	1	1	1	1	1	1	0	0	1	1	1	1	0	1	1	1	0	0	0	1	0	0	1	0	0	0	1	0	0	0	0	1	1	1	0	1	1	1	1	1	1	1	0	1	1	1	1	1	0	0	1	1	0	1	1	1	1	1	0	0	1	1	1	1	0	1	0	1	0	0	0	0	1	0	0	0	1	1	1	0	1	0	1	1	0	0	0	0	0
M136	1	0	0	1	0	1	1	1	1	0	0	1	1	1	1	0	1	1	1	0	1	1	1	0	0	0	0	1	0	0	0	1	0	1	0	0	0	1	0	0	0	0	1	0	0	1	0	1	1	1	0	1	1	1	0	0	0	1	1	1	0	0	1	1	0	0	1	0	1	1	1	0	1	1	1	0	1	0	0	0	1	0	1	0	0	0	1	1	1	0	0	1	1	1	1	1	0	0	0	0	1	1	1	0	1	0	1	1	1	1	0	1	0	0	1	0	0	1	0	1	0	0	0	1	0	1	0	1	1	0	0	0	0	0	1	1	1	1	1	0	1	1	1	0	1	0	0	1	0	0	1	0	0	1	1	0	0	1	0	1	0	0	0	1	0	0	1	0	0	0	0	1	1	0	1	0	0	1	1	1	0	0	1	1	0	0	1	0	1	1	1	0	1	0	1	1	1	0	1	0	1	0
M137	0	1	0	0	1	0	0	1	0	0	0	0	1	1	1	1	1	0	1	1	1	1	1	1	0	0	0	1	1	1	0	0	1	0	1	0	0	0	0	1	1	1	1	1	1	1	1	1	1	1	1	1	1	1	1	0	1	1	1	0	0	0	1	0	1	0	0	0	1	0	0	1	0	0	0	0	1	0	0	0	0	0	1	0	0	1	1	1	0	1	1	1	1	0	0	0	0	1	1	1	1	0	1	1	1	1	1	0	1	1	0	1	0	1	0	0	1	1	0	0	1	1	0	0	1	0	0	1	1	1	0	1	0	1	1	1	0	0	1	1	1	0	0	1	0	1	0	1	1	0	1	0	0	1	1	1	0	0	1	1	1	1	1	0	0	1	0	1	1	1	0	1	1	1	0	0	0	1	0	0	1	1	1	0	1	0	1	1	1	1	1	0	1	0	1	1	0	1	1	0	0	1
M138	1	0	0	0	0	1	1	0	0	1	1	1	1	0	1	1	0	0	0	1	0	0	0	1	0	0	1	1	1	0	1	0	0	0	1	1	0	1	1	1	1	1	1	0	1	0	1	1	1	0	1	1	1	0	1	1	1	0	1	0	0	0	1	1	0	1	0	0	0	0	1	0	1	1	1	0	0	0	0	1	1	1	0	1	0	1	1	0	1	0	0	1	0	0	1	0	1	1	1	1	0	0	0	1	0	0	1	0	0	0	1	1	0	0	0	0	1	1	0	0	1	1	1	1	1	0	1	0	0	1	1	1	1	0	1	0	0	0	0	0	1	1	1	1	0	1	0	0	0	0	0	1	1	1	0	0	1	1	1	0	0	1	1	1	1	1	0	0	1	0	1	1	1	1	0	0	1	1	1	1	0	0	1	1	0	1	1	0	1	1	0	1	0	0	1	0	0	0	0	1	1	0
M139	0	2	0	0	2	1	1	2	1	0	1	1	1	2	1	1	1	0	2	2	2	2	2	2	1	0	1	1	2	2	0	0	1	0	1	1	0	1	0	1	1	1	2	2	1	2	1	1	2	1	1	2	1	1	1	0	1	2	1	0	0	0	1	0	1	1	0	0	2	1	0	2	0	1	1	1	2	0	0	0	1	1	1	0	0	2	1	1	1	1	1	1	1	1	0	0	1	1	2	1	1	1	1	1	2	2	1	1	1	1	0	2	0	1	0	0	1	1	1	0	2	2	1	1	2	1	0	1	1	2	0	2	0	2	1	1	1	1	1	1	2	1	1	1	0	1	0	2	2	0	1	1	0	1	1	1	1	1	1	1	2	1	1	1	1	1	0	1	1	2	1	1	1	1	1	1	1	2	1	0	1	2	1	0	1	0	2	2	2	1	1	0	2	1	2	1	0	1	1	1	1	2
M140	0	2	1	1	1	2	1	1	2	1	2	1	1	2	1	1	0	1	1	1	2	1	2	1	2	1	1	1	1	1	0	1	0	0	0	2	0	2	1	0	0	1	1	1	0	2	0	0	1	0	1	1	1	0	0	1	1	1	1	1	1	0	1	1	0	1	1	1	2	2	1	1	0	2	1	2	1	0	1	1	1	1	0	1	1	1	1	1	2	1	1	0	1	2	1	1	1	0	2	1	0	1	0	1	1	1	0	2	0	1	0	1	1	0	1	0	1	1	1	1	1	1	1	2	1	1	1	0	1	1	1	2	1	1	1	1	2	2	1	0	1	2	2	0	1	0	1	1	1	0	0	2	1	0	0	0	1	1	1	0	1	1	0	1	1	0	1	0	0	1	1	1	0	1	1	1	2	2	1	1	0	1	0	1	1	0	1	2	1	0	1	1	2	2	1	0	0	1	1	1	2	2
M141	0	1	0	0	1	1	1	1	1	0	1	1	0	1	0	0	0	0	1	1	1	1	1	1	1	0	1	0	1	1	0	0	0	0	0	1	0	1	0	0	0	0	1	1	0	1	0	0	1	0	0	1	0	0	0	0	0	1	0	0	0	0	0	0	0	1	0	0	1	1	0	1	0	1	1	1	1	0	0	0	0	1	0	0	0	1	1	0	1	0	0	0	0	1	0	0	1	0	1	0	0	1	0	0	1	1	0	1	0	0	0	1	0	0	0	0	0	0	1	0	1	1	1	1	1	1	0	0	0	1	0	1	0	1	0	0	1	1	0	0	1	1	1	0	0	0	0	1	1	0	0	1	0	0	0	0	1	1	0	0	1	0	0	1	1	0	0	0	0	1	1	0	0	0	1	1	1	1	1	0	0	1	0	0	0	0	1	1	1	0	0	0	1	1	1	0	0	0	0	1	1	1
M142	3	2	4	3	3	3	2	4	4	2	4	1	4	3	2	2	3	4	3	2	3	2	3	1	3	4	2	2	1	1	2	3	2	2	2	2	3	3	2	2	2	3	1	1	3	2	1	2	1	3	2	1	3	1	2	2	1	2	3	4	4	2	3	3	2	0	5	4	2	3	3	3	2	2	2	3	2	2	2	3	3	1	2	3	2	1	2	4	3	4	2	3	4	2	4	3	2	2	2	1	4	3	3	3	3	3	1	4	2	2	2	2	3	2	3	2	2	3	3	4	2	1	2	2	1	3	3	3	3	2	3	1	2	1	4	2	4	5	3	2	1	2	4	2	5	0	3	3	2	2	2	2	2	3	3	3	2	3	2	2	1	3	2	3	1	2	3	2	0	1	2	2	2	1	2	2	2	2	3	5	2	1	2	4	2	3	2	3	1	2	2	3	2	3	2	3	4	3	3	2	4	3
M143	0	3	0	1	2	1	2	2	1	1	1	2	1	2	1	2	1	0	2	3	2	2	2	2	1	1	2	2	3	2	1	1	2	1	1	1	1	1	1	2	2	1	3	2	1	2	2	1	2	1	1	2	2	2	1	1	2	2	1	1	0	1	1	0	2	2	1	0	2	2	0	2	1	1	1	2	3	1	1	0	1	2	2	1	1	3	2	1	1	1	2	1	1	1	1	0	1	2	2	2	2	2	2	2	2	2	1	1	1	1	1	3	1	1	1	1	1	1	1	1	2	2	1	1	2	2	0	1	1	3	1	2	1	3	1	1	1	2	1	2	3	2	1	2	0	2	1	2	2	1	2	1	1	1	2	1	1	1	1	2	2	1	3	1	2	2	1	1	2	2	1	2	2	1	1	1	1	2	1	1	1	3	2	1	1	1	2	2	3	2	1	0	2	1	3	1	1	2	2	2	1	2
M144	1	1	1	2	0	2	1	1	2	1	0	2	1	1	2	0	2	2	1	0	1	1	1	1	0	0	0	1	0	2	1	1	0	2	1	1	1	2	0	0	1	0	0	1	1	2	1	2	2	2	1	2	1	2	1	1	0	1	1	1	1	1	2	2	1	1	1	1	1	1	2	0	2	2	2	0	1	1	1	1	2	1	2	0	1	0	1	1	2	0	0	2	1	2	1	2	1	1	0	0	1	1	1	0	1	0	2	1	2	2	1	1	1	1	2	1	1	2	1	1	0	1	1	2	2	0	1	2	2	0	0	0	1	0	1	2	1	1	1	1	1	1	1	0	2	1	0	2	1	1	2	1	1	2	2	1	1	2	1	2	1	0	0	2	1	0	2	1	1	1	2	1	1	1	2	1	1	1	2	1	1	0	1	1	1	1	1	0	1	2	2	1	1	1	0	2	2	0	1	0	1	0
M145	1	3	2	3	1	2	3	2	2	2	1	3	2	1	2	1	3	3	2	1	1	2	1	1	1	2	2	2	1	2	3	3	2	4	2	1	3	2	2	2	3	1	1	1	2	2	2	3	2	3	1	2	2	3	3	2	1	2	2	3	2	3	2	3	2	2	3	2	1	2	3	1	4	2	3	1	2	3	2	2	4	2	3	2	2	1	2	2	2	1	1	3	3	2	3	3	2	2	1	1	2	3	3	1	2	1	3	2	3	2	3	2	1	2	3	3	1	2	2	3	1	1	2	2	2	2	2	3	2	1	2	0	2	1	2	2	2	2	2	2	2	2	2	2	3	2	2	2	1	3	3	1	1	3	3	2	2	3	1	3	1	1	1	3	2	2	3	2	2	1	3	2	3	1	3	2	1	1	3	3	2	1	3	3	1	3	2	0	2	3	2	2	1	1	1	3	4	1	2	2	2	0
M146	2	0	0	1	0	2	2	1	1	1	1	2	2	1	2	1	1	1	1	1	1	1	1	1	1	0	1	2	1	2	1	1	0	1	1	1	0	2	1	1	2	1	1	0	1	1	1	2	2	1	1	2	2	1	1	1	1	1	2	1	0	0	2	2	0	1	1	0	1	1	2	0	2	2	2	0	1	0	0	1	2	1	1	1	0	1	2	1	2	0	0	2	1	1	2	1	1	0	1	1	1	1	1	1	1	0	2	1	1	1	1	2	0	0	1	0	1	2	0	1	1	1	1	2	2	0	1	1	1	1	1	1	1	0	2	2	1	1	1	0	2	2	2	1	1	1	0	1	0	0	1	1	1	2	1	0	1	2	1	1	0	1	1	2	1	1	1	0	1	0	2	2	2	1	1	0	1	2	2	1	0	0	2	2	0	1	2	0	2	2	1	1	1	0	1	1	1	0	1	1	2	0
M147	1	1	1	1	2	1	0	2	1	0	1	0	1	2	1	2	1	0	1	2	1	1	1	1	1	1	1	1	1	1	1	0	1	0	2	1	1	0	0	1	1	2	1	2	2	2	2	1	1	1	1	1	1	1	0	1	1	1	1	1	1	0	1	0	2	0	1	1	1	0	0	2	0	1	0	1	2	0	1	1	0	0	1	0	0	1	1	1	0	2	1	2	1	0	0	0	0	2	2	1	2	1	1	2	2	2	0	1	1	1	0	2	2	1	1	1	1	1	1	1	2	2	0	0	1	0	2	2	2	2	1	1	0	1	1	2	0	2	1	2	1	0	0	1	1	1	1	2	2	1	1	0	1	1	1	2	1	0	1	1	2	1	1	1	0	2	0	1	1	2	0	1	1	1	0	0	1	1	1	1	1	2	1	1	1	2	1	2	1	1	1	1	1	1	2	2	1	2	2	1	1	2
M148	1	0	0	1	1	1	1	1	1	0	0	1	1	1	1	0	1	1	1	0	1	1	1	0	1	0	0	1	1	1	0	1	0	1	0	0	0	1	0	0	1	0	0	0	0	1	0	1	1	1	0	1	1	1	1	0	0	1	1	1	0	0	1	1	0	0	1	0	1	1	1	0	1	0	1	0	1	0	0	0	1	0	1	0	0	1	1	1	1	0	0	1	1	1	1	1	0	0	0	0	1	1	1	0	1	0	1	1	1	1	0	1	0	0	1	0	0	1	0	1	0	0	0	1	1	0	0	1	1	0	0	0	0	0	1	1	1	1	1	0	1	1	1	0	1	0	0	1	0	0	1	0	0	1	1	0	0	1	0	1	0	0	0	1	0	0	1	0	0	0	1	1	1	0	1	0	0	1	1	1	0	0	1	1	0	0	1	0	1	1	1	0	1	0	0	1	1	0	1	0	1	0
M149	1	0	0	0	0	1	1	0	0	1	1	1	1	0	1	1	0	0	0	1	0	0	0	1	0	0	1	1	0	1	1	0	0	0	1	1	0	1	1	1	1	1	1	0	1	0	1	1	1	0	1	1	1	0	1	1	1	0	1	0	0	0	1	1	0	1	0	0	0	0	1	0	1	1	1	0	0	0	0	1	1	1	0	1	0	1	1	0	1	0	0	1	0	0	1	0	1	0	1	1	0	0	0	1	0	0	1	0	0	0	1	1	0	0	0	0	1	1	0	0	1	1	1	1	1	0	1	0	0	1	1	1	1	0	1	1	0	0	0	0	1	1	1	1	0	1	0	0	0	0	1	1	1	1	0	0	1	1	1	0	0	1	1	1	1	1	0	0	1	0	1	1	1	1	0	0	1	1	1	0	0	0	1	1	0	1	1	0	1	1	0	1	0	0	1	0	0	0	0	1	1	0
M150	2	0	2	1	2	1	0	2	2	1	2	0	1	1	0	1	1	1	1	2	1	0	1	1	1	2	1	0	1	0	1	0	1	0	1	1	2	1	0	1	0	1	1	1	2	1	2	0	0	1	1	0	1	0	0	1	0	1	0	1	2	1	1	0	2	0	2	2	0	1	0	2	0	1	0	2	1	1	1	1	1	1	1	0	1	0	0	1	1	2	1	1	1	0	1	0	1	2	1	0	2	1	1	2	1	2	0	1	0	0	1	1	2	1	1	1	1	1	2	1	1	1	1	0	0	1	1	1	1	2	1	0	1	1	1	1	1	2	0	2	0	0	1	1	2	0	1	2	2	1	1	1	2	1	2	2	1	1	1	1	1	1	1	1	1	1	1	1	0	1	1	1	0	0	0	1	1	0	1	2	1	1	0	1	1	2	0	2	0	1	1	1	0	2	2	1	2	2	1	1	1	2
M151	0	1	1	0	0	1	0	0	1	1	1	0	1	1	1	1	0	1	0	0	1	0	1	0	1	1	0	1	0	0	0	1	0	0	0	1	0	1	1	0	0	1	0	0	0	0	0	0	0	0	1	0	1	0	0	1	1	0	1	1	1	0	1	1	0	0	1	1	1	1	1	0	0	1	0	1	0	0	1	1	0	0	0	1	1	0	0	1	1	1	1	0	0	1	1	1	0	0	1	1	0	0	0	1	0	0	1	1	0	1	0	0	1	0	1	0	1	1	0	1	0	0	0	1	0	0	0	0	1	0	1	1	1	0	1	1	1	0	1	0	0	1	1	0	1	0	1	0	0	0	0	1	1	0	0	0	0	0	1	0	0	1	0	0	0	0	1	0	0	0	0	1	0	1	0	0	1	1	0	1	0	0	0	1	1	0	1	1	0	0	1	1	1	1	0	0	0	1	1	0	1	1
M152	0	1	1	1	0	0	0	0	1	1	0	1	0	0	1	0	1	1	0	0	0	0	0	1	0	0	0	0	0	1	1	0	0	1	1	1	1	1	0	0	0	0	0	1	1	1	1	1	1	1	0	1	0	1	1	1	0	0	0	0	0	1	1	1	1	1	0	1	0	0	1	0	1	1	1	0	0	1	1	1	1	1	1	0	1	1	0	0	1	0	0	1	0	1	0	1	1	1	0	0	0	0	0	0	0	0	1	0	1	1	1	0	1	1	1	1	1	1	1	0	0	1	1	1	1	0	1	1	1	0	0	0	1	0	1	1	0	0	1	1	0	0	0	0	1	1	0	1	1	1	1	1	1	1	1	1	1	1	1	1	1	0	0	1	1	0	1	1	1	1	1	0	0	1	1	1	1	0	1	0	0	0	0	0	1	0	0	0	0	1	1	1	0	1	0	1	1	0	0	0	0	0
M153	1	1	1	0	2	1	1	2	2	1	2	1	1	1	0	0	1	1	2	2	2	1	2	2	1	1	1	0	2	1	0	0	1	0	0	1	1	2	0	2	0	0	2	1	1	1	1	0	2	1	2	1	1	0	0	0	1	2	0	0	1	1	1	0	1	1	1	1	2	2	0	2	0	1	1	2	1	1	0	0	1	2	1	1	1	0	1	1	2	1	1	0	1	1	1	0	2	1	0	0	2	1	1	1	1	2	0	1	0	0	1	1	1	1	0	0	0	1	2	0	1	1	2	1	1	2	0	0	0	2	0	1	1	2	0	0	2	2	0	1	1	1	2	1	1	0	0	2	2	0	1	2	2	1	2	1	1	2	1	1	1	1	2	1	2	0	1	1	0	1	0	0	0	0	1	2	1	1	1	1	2	1	0	1	1	1	1	2	1	1	1	0	1	2	2	0	1	1	0	1	1	2
M154	0	1	0	0	1	1	1	1	1	0	1	1	0	1	0	0	0	0	1	1	1	1	1	1	1	0	1	0	1	1	0	0	0	0	0	1	0	1	0	1	0	0	1	1	0	1	0	0	1	0	1	1	0	0	0	0	1	1	0	0	0	0	0	0	0	1	0	0	1	1	0	1	0	1	1	1	1	0	0	0	0	1	0	0	0	0	1	0	1	0	0	0	0	1	0	0	1	0	0	0	1	1	0	0	1	1	0	1	0	0	0	1	0	0	0	0	0	0	1	0	1	1	1	1	1	1	0	0	0	1	0	1	0	0	0	0	1	1	0	0	1	1	1	0	0	0	0	1	1	0	0	1	1	0	1	0	1	1	0	0	1	0	1	1	1	0	0	0	0	1	0	0	0	0	1	1	1	1	1	0	1	1	0	1	0	0	1	1	1	0	0	0	1	1	1	0	0	1	0	1	1	1
M155	1	0	0	1	1	1	1	1	1	0	0	1	1	1	1	0	1	1	1	0	1	1	1	0	1	0	0	1	1	1	0	1	0	1	0	0	0	1	0	0	1	0	0	0	0	1	0	1	1	1	0	1	1	1	1	0	0	1	1	1	0	0	1	1	0	0	1	0	1	1	1	0	1	0	1	0	1	0	0	0	1	0	1	0	0	1	1	1	1	0	0	1	1	1	1	1	0	0	0	0	1	0	1	0	1	0	1	1	1	1	0	1	1	0	1	0	0	1	0	1	0	0	0	1	1	0	0	1	1	0	0	0	0	0	1	1	1	1	1	0	1	1	0	0	1	1	0	1	0	0	0	0	0	1	1	0	0	1	0	1	0	0	0	1	0	0	1	0	0	0	0	1	1	0	1	0	0	1	1	1	0	0	1	1	0	0	1	0	1	1	1	1	1	0	0	1	1	0	1	0	1	0
M156	0	2	2	1	0	1	0	0	2	2	1	1	1	1	2	1	1	2	0	0	1	0	1	1	1	1	0	1	0	1	1	1	0	1	1	2	1	2	1	0	0	1	0	1	1	1	1	1	1	1	1	1	1	1	1	2	1	0	1	1	1	1	2	2	1	1	1	2	1	1	2	0	1	2	1	1	0	1	2	2	1	1	1	1	2	1	0	1	2	1	1	1	0	1	1	2	1	1	1	1	0	0	1	1	0	0	2	1	1	2	1	0	2	1	1	1	2	2	1	1	0	1	1	2	1	0	1	1	2	0	1	1	2	1	2	2	1	0	2	1	0	1	1	0	2	1	1	1	1	1	1	2	2	1	2	1	1	1	2	1	1	1	0	1	1	0	2	1	1	1	2	1	0	2	1	1	2	1	1	1	0	0	0	1	2	0	1	1	0	1	2	2	1	2	0	1	1	0	1	0	1	1
M157	1	1	0	1	0	1	2	1	0	2	1	2	1	0	1	2	0	0	0	2	0	0	0	1	0	1	2	2	1	1	2	1	1	1	1	1	1	1	2	2	2	1	2	0	1	0	2	1	1	0	1	1	2	1	2	2	1	0	1	1	1	1	0	1	1	2	1	0	0	1	1	0	2	1	1	1	1	1	1	1	2	2	1	2	1	2	1	0	1	0	1	1	1	1	2	0	1	1	2	2	0	2	1	1	0	0	2	0	0	0	2	2	0	0	1	1	1	1	0	1	1	1	1	1	1	1	1	0	1	2	2	1	2	0	1	1	0	0	0	1	2	2	1	2	0	2	1	0	0	1	2	1	1	0	0	0	1	1	1	1	0	1	1	1	2	2	0	0	2	1	1	2	2	1	0	0	1	1	1	1	0	1	2	1	0	2	1	0	2	2	0	1	0	0	2	0	1	1	1	2	0	0
M158	0	1	1	1	0	0	0	0	1	1	0	1	0	0	1	0	1	1	0	0	0	0	0	1	0	0	0	0	0	1	1	0	0	1	1	1	1	1	0	0	0	0	0	1	1	1	1	1	1	1	0	1	0	1	1	1	0	0	0	0	0	1	1	1	1	1	0	1	0	0	1	0	1	1	1	0	0	1	1	1	1	1	1	0	1	1	0	0	1	0	0	1	0	0	0	1	1	1	0	0	0	0	1	0	0	0	1	0	1	1	1	0	1	1	0	1	1	1	1	0	0	1	1	1	1	0	1	1	1	0	0	0	1	1	1	1	0	0	1	1	0	0	0	0	1	1	0	1	1	1	1	1	1	1	1	1	1	1	1	1	1	0	0	1	1	0	1	1	1	1	1	0	0	1	1	1	1	0	1	0	0	0	0	0	1	0	0	0	0	1	1	1	0	1	0	1	1	0	0	0	0	0
M159	0	3	2	1	2	2	2	1	2	1	3	1	2	2	1	1	1	2	2	1	2	2	2	1	3	2	2	1	1	1	1	2	1	1	1	2	1	2	2	1	1	2	1	1	1	1	0	1	1	2	2	1	1	0	1	1	2	2	2	2	2	1	1	2	0	1	2	2	2	2	2	2	1	2	2	2	1	1	1	2	0	1	0	2	1	0	2	2	2	2	1	1	1	2	2	2	2	0	1	1	2	2	0	2	2	2	1	3	1	1	1	1	1	1	2	1	1	1	2	2	2	1	2	2	1	2	1	1	1	1	2	2	1	1	2	1	3	2	1	0	1	2	3	1	2	0	2	1	1	1	0	2	2	1	2	1	2	2	1	0	1	2	1	2	1	1	2	1	0	1	2	1	1	1	2	2	2	2	2	2	2	0	1	2	1	1	2	2	1	0	1	2	2	2	1	1	1	1	1	2	3	2
M160	0	1	1	1	0	0	0	0	1	1	0	1	0	0	1	0	1	1	0	0	0	0	0	1	0	0	0	0	0	1	1	0	0	1	1	1	1	1	0	0	0	0	0	1	1	1	1	1	1	1	0	1	0	1	1	1	0	0	0	0	0	1	1	1	1	1	0	1	0	0	1	0	1	1	1	0	0	1	1	1	1	1	1	0	1	1	0	0	1	0	0	1	0	0	0	1	1	1	0	0	0	0	1	0	0	0	1	0	1	1	1	0	1	1	0	1	1	1	1	0	0	1	1	1	1	0	1	1	1	0	0	0	1	1	1	1	0	0	1	1	0	0	0	0	1	1	0	1	1	1	1	1	1	1	1	1	1	1	1	1	1	0	0	1	1	0	1	1	1	1	1	0	0	1	1	1	1	0	1	0	0	1	0	0	1	0	0	0	0	1	1	1	0	1	0	1	1	0	0	0	0	0
M161	1	1	1	2	0	1	1	2	1	1	1	1	0	1	0	2	1	0	0	2	0	0	0	0	1	2	2	1	1	0	2	1	1	1	1	1	2	0	1	1	1	1	1	1	1	1	2	0	0	0	0	0	1	1	1	2	0	0	0	2	2	1	0	0	2	1	2	1	0	1	0	1	1	1	0	2	2	1	2	1	1	1	1	1	1	1	0	0	0	1	1	1	1	1	1	0	0	2	2	1	1	2	1	1	1	1	1	1	0	0	1	2	1	0	2	2	0	0	1	2	1	1	0	0	0	1	1	1	1	2	2	0	1	0	1	1	0	1	0	2	1	1	1	1	1	1	2	1	1	2	1	0	1	1	1	1	1	0	0	1	1	0	1	1	1	2	0	0	1	2	1	2	1	0	1	0	1	0	1	2	0	2	1	2	0	2	0	1	1	1	0	1	0	1	2	1	2	2	2	2	1	1
M162	1	0	0	0	1	1	1	0	1	1	1	1	1	0	1	1	0	0	0	1	0	0	0	1	0	0	1	1	0	1	1	0	0	0	1	1	0	0	1	1	1	1	1	0	1	0	1	1	1	0	1	1	1	0	1	1	1	0	1	0	0	0	0	1	0	1	1	0	0	0	1	0	1	1	1	0	0	0	0	1	1	1	0	1	0	1	1	0	1	0	0	1	0	0	1	1	1	0	1	1	0	1	0	1	0	0	1	0	0	0	1	1	0	0	0	0	1	1	0	0	1	1	1	1	1	0	1	0	1	1	1	1	0	0	1	1	0	0	0	0	1	1	1	1	0	1	0	0	0	0	1	0	1	0	0	0	1	1	1	0	0	1	0	1	1	1	0	0	1	0	1	1	1	1	0	0	1	1	1	0	0	0	1	0	0	1	1	0	1	1	0	1	0	0	1	0	0	0	0	1	0	0
M163	1	0	0	0	0	0	0	0	0	0	0	0	0	1	0	0	0	1	0	0	0	1	1	0	0	1	0	0	1	0	1	1	1	1	1	0	0	1	1	1	1	1	0	1	0	1	1	1	0	0	1	1	0	1	0	0	1	1	0	1	1	1	1	1	1	1	0	0	1	0	0	1	1	0	1	1	1	1	1	1	0	0	0	1	1	1	1	1	0	1	1	0	0	1	0	0	1	1	1	1	0	0	1	0	0	0	1	1	1	1	0	0	1	1	0	1	0	0	1	0	0	0	1	0	0	1	1	1	0	0	1	1	0	1	0	0	1	0	1	1	0	0	0	1	0	1	1	0	1	1	1	1	0	0	0	1	0	0	1	1	1	1	0	0	0	1	1	1	1	1	0	0	1	1	1	1	1	1	0	0	1	1	0	1	1	0	1	0	1	0	1	0	1	0	0	0	0	1	1	0	0	1
M164	1	0	1	1	0	0	1	0	1	1	0	1	0	0	1	1	0	0	1	0	1	1	1	1	1	0	1	1	0	1	0	1	1	1	0	1	1	1	1	0	0	0	1	1	0	0	0	0	0	1	0	0	0	1	1	1	1	0	1	0	0	1	0	0	0	1	0	1	0	1	1	0	0	1	0	0	0	1	1	0	0	1	1	0	1	0	0	0	0	0	1	0	1	1	0	1	0	0	0	1	0	1	0	0	1	1	0	0	1	1	1	0	0	1	1	1	1	0	0	1	1	1	0	1	1	1	0	0	0	0	0	1	1	1	0	0	0	0	1	0	1	1	0	0	0	0	1	0	0	1	0	1	0	0	0	0	1	0	0	0	1	0	1	0	1	0	1	1	1	0	1	0	0	1	0	1	0	0	0	0	1	1	1	0	1	0	0	1	0	0	0	0	1	1	0	1	0	0	0	1	0	0
M165	2	1	2	1	1	2	2	0	2	3	2	2	2	1	3	3	0	1	1	1	2	1	2	2	2	1	2	3	2	2	1	2	1	1	1	3	1	2	3	1	1	2	2	1	1	0	1	1	1	1	1	1	2	1	2	3	3	0	3	1	1	1	1	2	0	2	1	2	1	2	3	0	1	3	1	1	0	1	2	2	1	2	1	2	2	1	1	1	2	1	2	1	1	2	2	3	2	0	2	3	0	2	0	2	1	1	2	1	1	2	2	1	1	1	2	1	3	2	0	2	2	2	1	2	2	1	1	0	2	1	2	3	2	1	2	2	1	0	2	0	2	3	2	1	1	1	2	0	0	1	1	2	2	0	1	0	2	1	2	0	1	2	1	1	2	1	1	1	2	1	3	2	1	2	0	1	2	2	1	1	1	1	2	1	2	1	2	2	2	1	1	2	3	2	1	1	0	0	1	2	1	1
M166	1	1	1	2	0	1	1	2	1	1	1	1	0	1	0	2	1	0	1	2	0	0	0	0	1	2	2	1	1	0	2	1	1	1	1	1	2	0	1	1	1	1	1	1	1	1	2	0	0	0	0	0	1	1	1	2	0	0	0	2	2	1	0	0	2	1	2	1	0	1	0	1	1	1	0	2	2	1	2	1	1	1	1	1	1	1	0	0	0	0	1	1	1	1	1	0	0	2	2	1	1	2	1	1	1	1	1	1	1	0	1	2	1	0	2	2	0	0	1	2	1	1	0	1	0	1	1	1	2	2	2	0	1	0	1	1	0	1	0	2	1	1	1	1	1	1	2	1	1	2	1	0	1	1	1	1	1	1	0	1	1	0	1	1	1	2	0	0	1	2	1	2	1	1	1	0	1	0	1	2	0	2	1	2	0	2	0	1	1	1	0	1	0	1	2	1	2	2	2	2	1	1
M167	0	1	1	0	0	1	0	0	0	1	1	0	1	1	1	1	0	1	0	0	1	0	1	0	1	1	0	1	1	0	0	1	0	0	0	1	0	1	1	0	0	1	0	0	0	0	0	0	0	0	0	0	1	0	0	1	1	0	1	1	1	0	1	1	0	0	1	1	1	1	1	0	0	1	0	1	0	0	1	1	0	0	0	1	1	0	0	1	1	1	1	0	0	1	1	1	1	0	1	1	0	0	0	1	0	0	1	1	0	1	0	0	1	0	1	0	1	1	0	1	0	0	0	1	0	0	0	0	0	0	1	1	1	0	1	1	1	0	1	0	0	1	1	0	1	0	1	0	0	0	0	1	1	0	1	0	0	0	1	0	0	1	0	0	0	0	0	0	0	0	1	1	0	1	0	0	1	1	0	1	0	0	0	1	1	0	1	1	1	0	1	1	1	1	0	0	0	0	1	0	1	1
M168	2	3	2	3	3	3	2	3	2	2	3	2	3	2	2	4	3	1	2	4	1	2	1	2	2	3	4	3	2	2	4	2	2	3	4	2	3	0	3	3	4	4	3	2	4	2	4	3	2	3	3	2	3	2	3	3	2	2	3	3	2	2	1	2	3	2	3	2	1	1	2	3	3	3	2	2	3	2	2	3	3	2	2	3	1	3	3	2	1	2	2	4	3	1	3	2	1	3	4	3	3	4	2	3	4	3	2	2	3	1	3	4	1	1	2	3	2	2	2	3	4	3	2	1	2	2	4	3	4	4	4	2	1	2	3	3	1	3	1	3	3	2	3	4	2	3	3	2	2	3	3	0	2	3	1	3	3	3	2	2	2	3	2	3	2	5	1	2	3	3	3	4	4	3	2	1	2	2	3	3	2	3	4	2	1	5	1	2	3	3	0	3	2	1	4	3	3	3	3	4	2	2
M169	1	3	2	2	1	2	2	2	2	3	1	2	2	2	3	4	1	1	2	2	3	2	3	2	2	2	2	4	2	2	1	3	3	3	1	2	2	2	3	2	2	2	3	2	1	1	2	1	1	1	1	2	3	3	2	3	3	1	2	2	2	2	2	1	2	2	2	3	2	3	2	1	1	2	0	2	1	2	3	1	3	2	3	2	2	1	1	2	1	3	4	1	3	3	2	2	1	2	3	4	1	2	2	2	3	2	2	1	2	3	2	2	2	2	3	2	3	2	0	3	2	2	0	2	2	2	1	1	2	2	2	3	3	2	1	2	1	1	3	2	3	3	1	2	1	3	3	1	1	2	2	2	1	1	1	1	1	1	2	2	2	2	3	0	2	2	1	2	3	1	2	3	2	2	0	1	1	2	0	2	2	3	3	2	3	2	2	3	3	2	1	1	3	2	2	2	1	2	3	2	1	2
M170	1	1	1	0	2	1	1	2	1	1	2	1	1	1	0	0	1	1	2	2	2	1	1	2	1	1	1	0	2	1	0	0	2	0	0	1	1	1	0	2	0	0	2	1	1	1	0	0	2	1	2	1	1	0	0	1	1	1	0	0	2	1	1	0	1	1	1	1	2	2	0	2	0	0	1	2	1	1	0	0	1	2	1	1	1	0	1	1	2	0	1	0	1	1	1	0	2	2	0	0	2	1	1	2	0	2	1	1	0	1	1	1	1	2	1	0	1	1	2	0	1	1	2	1	2	2	0	0	0	2	0	1	1	1	0	0	2	2	0	1	1	1	2	1	1	0	0	2	2	0	1	2	2	1	2	1	1	2	1	1	1	1	2	1	2	0	1	1	0	1	0	0	0	0	1	2	1	1	1	1	2	0	0	1	1	1	2	2	0	1	2	0	1	2	2	0	1	2	0	1	2	2
M171	0	1	1	1	1	0	0	0	0	0	1	0	1	0	0	0	1	1	1	0	0	1	0	0	1	1	1	0	0	0	1	1	0	1	1	0	1	0	1	0	1	1	0	0	1	0	0	1	0	1	1	0	0	0	1	0	0	1	1	1	0	1	0	1	0	0	1	0	0	0	1	1	1	1	1	0	0	1	0	1	0	0	0	1	0	1	1	1	0	1	0	1	1	0	1	1	0	0	0	0	1	1	0	0	1	1	0	1	1	0	1	0	0	0	0	1	0	0	1	1	1	0	1	0	0	0	1	1	0	0	1	0	0	1	1	0	1	1	0	0	0	0	1	1	1	0	1	0	0	1	0	0	0	1	0	1	1	1	0	0	0	1	0	1	0	1	1	1	0	0	1	0	1	0	1	1	0	1	1	1	1	0	1	0	0	1	0	0	0	0	0	1	0	0	0	1	1	0	0	1	1	0
M172	0	2	1	2	0	0	2	1	2	2	0	2	0	0	1	1	1	1	1	1	0	0	0	1	0	1	1	1	1	1	2	1	1	1	1	1	2	1	1	0	1	0	1	1	1	1	2	1	1	1	0	1	1	2	2	1	0	1	1	1	1	1	1	1	2	2	1	2	0	1	1	0	2	1	1	1	1	2	2	1	2	2	2	1	2	2	0	0	1	0	1	1	1	1	1	1	1	2	1	1	0	1	2	0	1	0	1	0	1	1	2	1	2	1	1	2	1	1	1	1	0	1	1	1	1	1	1	1	2	1	1	0	2	1	1	1	0	0	1	2	1	1	0	1	1	2	1	1	1	2	2	1	1	1	1	1	1	1	1	2	1	0	1	1	2	1	1	1	2	2	1	1	1	1	1	1	1	0	1	1	0	2	1	1	1	1	0	0	1	2	1	1	0	1	1	1	2	1	1	1	0	0
M173	2	0	0	1	2	2	1	1	1	1	1	2	2	1	1	1	1	1	1	1	1	1	1	1	0	0	1	2	1	2	0	1	0	1	1	1	0	1	1	2	2	1	1	0	1	1	1	2	2	2	1	2	2	1	2	1	1	1	2	1	0	0	1	2	0	1	1	0	1	1	2	0	2	1	2	0	1	0	0	1	1	1	1	2	1	2	2	1	2	1	0	2	2	1	2	2	1	0	1	1	1	1	1	1	1	0	1	1	0	1	1	2	1	0	1	0	1	2	0	1	1	1	1	1	1	0	1	1	2	1	1	1	1	0	2	2	1	1	1	0	2	2	1	1	1	1	0	1	0	0	1	0	1	1	1	0	1	2	1	1	0	1	1	2	1	1	1	1	1	1	1	2	2	1	1	1	1	2	2	2	0	0	2	0	0	1	0	0	2	2	1	1	1	0	1	1	1	0	1	1	1	0
M174	1	0	1	0	1	0	0	1	1	1	1	0	1	0	0	0	1	1	1	0	1	0	0	1	0	1	0	0	1	0	1	0	1	0	0	0	1	0	0	1	0	0	1	0	1	0	0	0	1	1	1	0	1	0	0	0	0	1	0	0	1	1	1	0	1	0	1	1	1	1	0	1	0	0	0	1	1	1	0	0	1	1	1	1	1	0	0	1	1	0	1	0	1	0	1	0	1	1	0	0	1	0	1	1	0	1	1	0	0	1	1	0	1	1	0	0	1	1	1	0	0	0	1	0	1	1	0	0	0	1	0	0	1	1	0	0	1	1	0	1	0	0	1	1	1	0	0	1	1	0	1	1	1	1	1	1	0	1	1	1	0	1	1	0	1	0	0	0	0	0	0	0	0	0	0	1	0	0	0	1	1	0	0	0	1	1	1	1	0	1	1	0	0	1	1	0	1	1	0	0	1	1
M175	2	0	0	0	1	1	0	0	0	1	1	1	1	1	2	1	0	1	0	1	0	1	1	1	1	1	1	1	2	1	1	1	1	1	2	1	0	1	2	1	2	2	2	1	1	1	2	2	1	1	2	2	1	1	1	1	2	1	1	1	1	1	1	2	1	2	0	1	1	0	1	1	2	1	2	1	1	1	1	2	1	1	0	1	1	2	2	1	1	1	1	1	1	1	2	1	2	1	2	2	0	1	1	2	0	0	2	1	1	0	2	1	1	1	0	1	1	1	1	0	1	1	2	0	1	1	2	1	1	1	2	2	0	1	1	1	1	0	0	2	1	1	1	2	0	2	1	0	1	1	2	1	1	0	0	1	1	1	2	1	1	2	0	1	1	2	1	2	2	2	1	1	2	2	1	1	2	2	2	1	1	1	1	1	1	1	1	0	2	1	1	2	2	0	1	0	0	1	1	1	0	1
M176	1	3	2	0	3	3	1	3	2	2	2	1	3	3	2	2	2	2	2	2	4	2	3	3	2	2	1	2	3	2	1	1	3	1	1	2	1	2	1	4	1	2	2	2	2	2	1	1	3	2	3	2	3	1	0	2	3	2	1	0	3	2	3	1	2	1	2	2	3	3	1	3	0	1	1	3	4	1	1	1	2	2	2	2	2	0	2	3	3	2	3	1	2	2	1	1	3	2	2	2	3	1	2	4	1	3	2	2	1	3	2	3	2	1	2	0	3	3	2	1	2	2	2	2	3	3	1	1	2	3	1	3	2	3	2	2	3	3	2	2	2	2	3	2	2	1	1	3	3	0	2	3	3	2	3	2	1	2	3	2	2	3	3	1	2	1	1	1	1	1	1	2	1	2	1	2	2	3	1	2	3	1	1	2	3	2	3	4	1	2	3	1	3	3	3	1	1	3	2	1	3	4
M177	0	2	1	2	1	0	1	1	1	1	1	1	1	0	0	1	1	1	2	1	0	1	0	0	1	2	2	1	1	0	2	2	1	2	1	0	2	0	2	1	2	1	1	0	1	0	1	1	0	1	1	0	1	1	2	1	0	2	1	2	1	2	0	1	1	1	2	1	1	1	1	1	2	1	1	1	0	2	1	1	1	1	1	2	1	2	1	1	0	1	1	1	2	1	1	1	0	1	1	1	1	2	1	0	2	1	1	1	1	0	2	2	1	1	1	2	0	0	1	1	1	0	1	0	0	1	1	1	0	1	2	0	1	1	0	0	1	1	0	1	1	1	1	2	1	1	2	0	0	2	1	0	0	1	0	1	1	2	0	1	0	2	1	1	1	2	1	1	1	1	1	1	2	0	1	1	0	0	1	2	1	1	2	1	0	2	1	0	1	1	0	1	0	0	0	1	2	1	1	2	1	0
M178	1	0	0	0	0	0	0	0	0	0	0	0	0	1	1	0	0	1	0	0	0	1	1	0	1	1	0	0	1	0	0	1	1	1	1	0	0	1	1	0	1	1	1	1	0	1	1	1	0	0	1	1	0	1	0	0	1	1	0	1	1	1	1	1	1	1	0	1	1	0	0	1	1	0	1	1	1	1	1	1	0	0	0	0	1	1	1	1	0	1	1	0	0	1	1	0	1	1	1	1	0	0	1	1	0	0	1	1	1	0	1	0	1	1	0	1	0	0	1	0	0	0	1	0	0	1	1	1	0	0	1	1	0	1	0	0	1	0	0	1	0	0	0	1	0	1	1	0	1	1	1	1	0	0	0	1	0	0	1	1	1	1	0	0	0	1	1	1	1	1	1	0	1	1	1	0	1	1	1	0	1	1	0	1	1	0	1	0	1	0	1	1	1	0	0	0	0	1	1	0	0	1
M179	2	1	3	2	1	0	2	1	3	3	0	2	2	0	2	1	2	2	2	1	2	1	1	3	1	1	1	1	1	2	2	1	2	1	1	2	3	2	1	1	0	0	1	2	2	1	1	1	2	2	1	1	1	2	2	1	1	1	2	1	1	2	2	1	2	3	1	3	1	2	2	1	1	2	1	1	1	3	2	1	3	3	3	1	2	1	0	1	3	1	2	1	1	1	1	2	2	2	0	1	1	1	2	1	1	2	2	0	2	3	1	1	2	2	1	2	3	1	2	2	1	2	2	2	3	2	1	1	1	2	1	1	3	2	1	1	1	1	2	2	1	1	1	1	2	2	1	2	2	2	2	3	2	2	2	2	2	1	2	2	2	1	2	1	3	0	1	2	2	1	1	0	0	1	1	3	1	0	1	1	2	2	1	1	2	1	1	2	1	2	2	1	1	3	2	2	2	1	0	1	0	1
M180	1	3	2	3	1	2	3	2	3	2	1	2	1	2	2	3	3	1	1	3	1	1	1	2	1	2	2	2	1	2	3	1	2	2	3	2	3	1	1	1	2	2	2	3	3	3	4	2	2	2	1	2	3	3	2	2	1	2	1	3	2	2	2	1	4	2	2	3	1	1	1	2	2	2	1	2	1	2	3	2	3	2	3	1	1	2	1	1	1	1	2	3	3	1	1	2	1	3	3	2	2	2	3	1	3	2	1	1	3	2	1	3	2	3	2	3	2	1	2	2	2	3	1	2	2	1	3	3	3	4	3	1	2	1	2	3	0	2	3	3	2	1	1	2	2	3	2	3	3	3	3	1	2	3	2	3	2	1	2	4	3	1	2	2	2	3	1	2	3	3	2	3	2	3	2	1	2	1	2	1	1	4	2	2	2	3	3	2	2	3	1	2	1	2	3	3	3	3	3	2	2	2
M181	1	1	0	0	1	1	0	1	1	0	0	0	1	2	2	1	1	1	0	1	1	2	2	1	1	1	0	1	1	1	0	1	2	2	2	0	0	1	1	1	2	2	2	2	1	2	2	2	1	1	2	2	1	2	0	0	2	2	0	1	1	2	2	1	2	1	0	2	2	0	0	2	1	0	1	1	2	1	1	1	1	0	1	0	1	1	2	2	0	2	2	1	1	1	1	0	1	1	2	2	1	0	2	2	1	1	1	1	2	1	1	1	1	2	0	1	1	1	1	0	1	1	1	0	1	1	2	2	1	1	1	2	0	2	0	1	1	1	1	2	1	0	0	2	0	2	0	1	2	1	2	1	0	1	1	2	0	0	2	2	2	1	1	0	0	2	2	2	2	1	1	1	2	2	1	0	1	1	1	0	2	2	1	1	2	1	2	1	2	1	1	1	2	0	1	1	0	2	2	0	0	2
M182	1	2	3	2	0	1	2	0	2	3	1	2	2	1	3	2	1	2	1	1	2	1	2	2	2	1	1	2	1	2	1	2	1	1	1	3	2	3	2	1	0	1	1	2	1	1	1	1	1	1	0	1	1	2	2	2	2	0	3	1	1	1	2	2	0	2	1	2	1	2	3	0	1	3	1	1	1	2	3	2	2	2	2	1	2	1	0	1	3	2	2	1	0	2	2	3	2	1	1	2	0	1	1	1	1	1	2	2	2	3	1	0	2	2	2	2	3	2	1	3	1	2	1	3	2	2	1	1	2	1	1	2	2	1	2	2	1	0	3	1	1	2	1	0	2	2	2	1	1	1	1	3	2	1	1	1	2	0	1	1	2	1	1	1	2	0	1	2	2	1	2	1	0	2	1	2	2	1	1	1	1	2	1	2	3	0	1	2	1	1	2	1	2	3	1	2	1	0	1	1	1	1
M183	1	1	0	1	2	2	2	2	1	0	2	2	1	2	0	0	1	1	2	1	2	2	2	1	1	0	1	1	1	2	2	1	1	1	0	1	0	2	0	1	1	0	1	1	0	2	0	1	2	1	1	1	1	1	1	1	1	1	1	1	1	0	1	1	0	1	1	0	1	1	1	1	2	0	2	1	2	0	0	0	0	1	1	1	1	1	2	2	1	1	0	1	1	2	1	1	1	1	0	0	2	1	1	1	1	1	0	1	0	1	1	1	2	0	2	0	0	1	1	1	1	1	1	2	1	1	0	1	1	0	1	1	2	1	2	1	2	2	1	0	2	2	1	0	1	0	0	2	1	0	0	1	1	1	1	0	1	2	0	0	1	0	2	2	1	0	2	0	0	1	0	1	1	0	2	1	1	2	1	1	1	0	1	0	0	0	0	1	1	1	2	1	1	0	1	1	1	1	1	1	2	1
M184	1	2	1	2	1	2	2	2	2	2	1	1	1	2	1	3	2	0	1	3	1	1	1	1	1	2	2	2	1	1	2	1	2	2	2	1	2	0	1	1	2	2	2	2	2	2	3	1	1	1	1	1	2	2	1	2	1	2	0	2	2	2	1	0	3	1	2	2	1	2	0	2	0	1	0	2	1	1	2	1	2	1	2	1	0	1	1	1	0	1	2	2	3	1	0	1	0	2	3	2	2	2	2	1	3	2	0	1	2	1	1	3	1	2	2	2	1	1	1	1	2	2	0	1	2	1	2	2	2	3	2	1	1	1	1	2	0	2	2	2	2	1	1	2	1	2	2	2	2	2	2	0	1	2	2	2	1	1	1	3	2	1	2	1	1	3	1	1	2	2	1	3	2	2	1	0	0	1	1	1	1	3	2	2	1	3	3	2	2	2	0	1	1	1	2	2	2	3	3	2	2	2
M185	1	1	1	1	1	0	0	1	0	0	1	0	1	1	1	0	1	2	1	0	0	2	1	0	2	2	1	0	1	0	0	2	1	2	2	0	1	1	2	1	2	2	1	1	1	1	1	2	0	1	2	2	0	1	1	0	1	2	1	2	1	2	1	2	2	1	1	1	2	0	1	2	2	1	2	1	1	2	1	2	0	0	0	1	2	2	2	1	0	2	1	1	0	1	2	0	1	1	1	1	1	1	1	1	1	1	2	2	2	0	2	1	1	2	0	2	0	1	2	1	1	0	2	0	0	1	2	2	0	0	2	1	0	2	0	0	2	1	0	1	0	0	1	2	1	1	1	0	1	2	1	1	0	1	1	2	1	1	2	1	2	2	0	1	0	2	2	2	1	1	2	0	2	1	2	1	1	1	2	1	2	1	1	2	1	1	1	0	1	0	1	2	1	1	0	1	1	1	1	1	0	1
M186	3	0	1	2	2	2	2	1	2	2	2	3	2	1	1	2	1	1	2	2	2	2	2	2	1	0	2	3	1	3	1	2	1	2	1	2	1	2	2	2	2	1	2	1	1	1	1	2	2	2	1	2	1	1	3	2	2	1	3	1	0	1	1	2	0	1	1	1	1	1	3	0	2	2	2	0	1	1	1	1	2	2	2	2	1	2	2	1	2	2	1	2	1	2	2	3	1	0	1	2	1	2	1	1	2	1	1	1	1	2	1	1	1	1	2	1	2	2	0	2	2	2	1	2	1	1	1	1	2	1	1	2	2	1	2	2	1	1	2	1	3	3	1	1	1	2	2	1	0	0	1	1	1	1	1	0	2	2	1	0	1	1	2	2	2	1	2	2	2	1	1	2	2	1	1	2	2	2	1	2	2	1	3	1	2	1	0	1	2	2	1	1	2	1	1	2	1	0	1	2	2	0
M187	3	1	1	2	2	2	3	2	2	1	2	3	2	2	2	1	1	2	3	2	3	4	4	2	3	1	2	2	2	3	2	3	3	3	1	2	1	3	2	2	2	1	3	3	0	3	1	2	2	1	2	2	1	2	2	2	3	2	2	2	2	2	2	2	1	3	1	2	2	2	2	2	3	1	3	2	3	2	2	1	1	2	2	1	2	2	3	3	2	3	2	1	1	4	2	2	2	2	1	2	1	2	2	2	2	2	1	3	2	2	2	1	3	2	3	2	1	1	2	2	2	2	2	3	1	3	1	2	1	0	2	3	3	3	2	1	3	2	2	1	3	3	1	2	1	2	1	2	2	1	1	3	1	1	1	1	2	2	1	1	2	1	3	2	2	1	4	2	2	2	1	1	2	1	3	2	4	3	2	1	2	2	2	2	2	0	1	2	2	1	3	2	3	1	1	2	1	2	2	2	2	2
M188	0	1	1	0	1	1	0	1	1	1	0	0	1	1	1	1	1	0	0	1	1	1	1	1	0	0	0	1	0	1	0	0	1	1	1	0	0	0	0	1	1	1	1	1	1	1	1	1	1	1	1	1	1	1	0	0	1	1	0	0	0	1	1	0	1	0	1	1	1	0	0	1	0	0	0	1	1	0	0	0	1	0	1	0	0	0	1	1	0	1	1	1	1	1	0	0	0	0	1	1	1	0	1	1	1	1	0	0	1	1	0	1	0	1	0	0	1	1	0	0	1	1	0	0	1	0	1	1	1	1	0	1	0	1	0	1	0	1	1	1	1	0	0	1	0	1	0	1	1	0	1	0	0	1	1	1	0	0	1	1	1	0	1	0	0	1	1	1	1	0	0	1	1	1	0	0	0	0	0	0	1	1	1	0	1	0	1	1	1	1	0	0	1	0	1	1	0	1	1	0	0	1
M189	1	0	0	0	0	0	0	0	0	0	0	0	0	1	1	0	0	1	0	0	0	1	1	0	1	1	0	0	1	0	0	1	1	1	1	0	0	1	1	0	1	1	1	1	0	1	1	1	0	0	1	1	0	1	0	0	1	1	0	1	1	1	1	1	1	1	0	1	1	0	0	1	1	0	1	1	1	1	0	1	0	0	0	0	1	1	1	1	0	1	1	0	1	1	1	0	1	1	1	1	0	0	1	1	0	0	1	1	1	0	1	0	1	1	0	1	0	0	1	0	0	0	1	0	0	1	1	1	0	0	1	1	0	1	0	0	1	0	0	1	0	0	0	1	0	1	0	0	1	1	1	1	0	0	0	1	0	0	1	1	1	1	0	0	0	1	1	1	1	1	1	0	1	0	1	0	1	1	1	0	0	1	0	1	1	0	1	0	1	0	1	1	1	0	0	0	0	1	1	0	0	1
M190	3	1	3	3	2	1	3	1	2	2	1	1	2	2	4	2	2	2	1	2	1	2	2	2	3	2	2	1	1	2	2	2	3	2	3	3	3	3	2	1	1	2	2	4	2	3	3	2	1	1	2	2	2	3	2	2	2	1	2	3	2	2	2	2	2	3	1	3	1	2	2	2	2	3	2	2	1	3	3	3	2	2	2	0	2	2	1	1	2	2	2	1	2	2	2	2	2	3	2	2	1	2	1	1	2	2	2	3	4	2	1	1	2	4	2	4	2	0	3	3	2	3	2	3	2	2	3	3	2	2	3	2	2	2	1	1	1	1	3	2	1	1	1	1	2	3	0	2	3	3	3	3	2	2	1	3	3	0	2	3	4	1	1	2	2	2	2	3	3	2	3	1	1	2	3	2	3	1	3	0	1	4	1	3	3	2	2	2	1	1	2	3	2	3	2	3	2	2	3	2	1	2
M191	2	0	1	1	0	0	1	0	1	1	0	1	1	1	2	1	0	1	1	1	1	2	2	1	2	1	1	1	1	1	0	1	2	2	1	1	1	2	2	1	1	1	2	1	0	1	1	1	0	0	1	1	0	1	1	1	2	1	1	1	1	2	1	1	1	2	0	2	1	1	1	1	1	1	1	1	1	2	1	1	1	1	1	0	1	1	1	1	1	2	2	0	1	2	1	1	1	1	1	2	0	1	1	1	1	1	1	2	2	1	1	0	1	2	1	2	1	0	1	1	1	1	1	1	0	2	1	1	0	0	1	2	1	2	0	0	1	0	1	1	1	1	0	1	0	1	0	0	1	1	1	2	0	0	0	1	1	0	1	1	2	1	1	0	1	1	2	2	2	1	1	0	1	0	1	1	2	1	1	0	1	2	1	2	2	0	1	1	1	0	1	1	2	1	0	1	0	1	2	1	0	1
M192	0	1	0	0	1	1	1	1	0	0	1	1	0	0	0	0	0	1	1	1	1	1	0	1	1	0	1	0	1	1	1	0	1	0	0	1	0	0	0	0	0	0	1	1	0	1	0	0	1	0	1	0	0	0	0	1	1	0	0	0	1	0	0	0	0	1	0	0	0	1	0	1	1	0	1	1	1	0	0	0	0	1	0	0	0	0	1	1	1	0	0	0	1	1	0	0	1	1	0	0	0	1	0	1	0	1	0	1	0	0	0	0	1	0	1	0	0	0	1	0	1	1	1	1	1	1	0	0	0	0	0	1	1	1	1	1	1	1	0	0	1	1	1	1	0	0	0	0	1	0	0	1	1	0	0	0	1	1	0	0	0	0	1	1	1	0	1	0	0	1	0	0	0	0	1	1	1	1	1	0	1	0	0	0	0	0	0	1	0	0	1	1	0	0	1	0	0	1	0	1	1	1
M193	0	2	1	1	0	1	1	0	1	1	1	1	1	2	1	2	0	1	1	1	1	0	1	0	1	2	1	2	2	0	1	2	0	1	0	1	1	1	2	1	1	1	1	0	0	0	1	0	0	0	0	0	1	1	1	2	1	1	1	1	2	1	1	1	1	1	1	1	1	2	1	0	0	1	0	1	1	1	2	1	1	1	1	2	1	1	0	1	1	1	2	1	1	1	1	2	1	1	2	2	1	1	1	1	1	0	1	1	0	1	2	1	1	0	2	1	1	1	0	1	0	0	0	1	0	2	1	0	1	1	1	1	1	0	1	1	1	0	1	1	1	2	1	1	1	1	2	0	0	1	1	1	1	0	1	0	0	1	0	1	0	2	1	0	1	1	0	0	1	1	1	2	1	1	0	0	1	2	0	2	0	1	1	2	1	1	2	1	2	1	1	0	2	1	0	0	1	1	2	1	2	1
M194	0	1	1	0	1	1	0	1	1	1	0	0	1	1	1	1	1	0	0	0	1	1	1	1	0	0	0	1	0	1	0	0	1	1	1	0	0	1	0	1	1	1	1	1	1	1	1	1	1	1	1	1	1	1	0	0	1	1	0	0	0	1	1	0	1	0	1	1	1	0	0	1	0	0	0	1	1	0	0	0	1	0	1	0	0	0	1	1	0	1	1	1	1	1	0	0	0	0	1	1	1	0	1	1	1	1	0	0	1	1	0	1	0	1	0	0	1	1	0	0	1	1	0	0	1	0	1	1	1	1	0	1	0	1	0	1	0	1	1	1	1	0	0	0	0	1	0	1	1	0	1	0	0	1	1	1	0	0	1	1	1	0	1	0	0	1	1	1	1	0	0	1	1	1	0	0	0	0	0	0	1	1	1	0	1	0	1	1	1	1	0	0	1	0	1	1	0	1	1	0	0	1
M195	1	0	1	1	0	0	1	0	1	1	1	1	1	0	0	1	0	0	1	1	1	1	1	1	1	0	1	1	0	1	0	0	1	1	0	1	1	1	1	1	0	0	1	0	0	0	0	0	1	0	0	0	0	0	1	1	1	0	1	0	0	1	0	0	0	1	0	1	0	1	1	0	0	1	0	0	0	1	1	0	1	1	1	0	0	0	0	0	1	1	1	0	0	1	0	1	0	0	0	1	0	1	0	0	1	1	1	1	1	1	0	0	0	1	1	1	1	0	0	1	1	1	0	1	0	1	0	0	0	0	0	1	1	1	0	0	0	0	1	0	1	1	0	0	0	0	0	0	0	0	0	1	0	0	0	0	1	0	0	0	1	0	1	0	1	0	1	1	1	0	0	0	0	0	0	1	1	0	0	0	1	1	1	1	1	0	0	1	0	0	0	0	1	1	0	1	0	0	1	1	0	0
M196	1	3	3	2	2	3	1	3	1	1	3	1	4	3	3	3	3	1	1	2	2	2	3	1	3	3	2	2	1	1	1	2	1	2	3	2	2	1	2	3	1	4	1	2	3	2	2	2	1	2	3	2	3	2	1	2	2	2	2	2	2	2	2	2	3	0	4	1	3	2	2	3	1	3	1	2	2	1	2	3	1	0	1	2	2	1	2	2	1	3	2	3	2	1	2	1	1	1	3	2	3	2	2	2	2	3	2	3	3	2	3	3	0	3	2	2	2	3	2	3	3	2	1	2	2	1	2	3	3	2	2	2	0	2	1	3	3	3	3	2	1	1	3	0	3	2	2	3	2	1	2	2	2	3	4	3	2	1	2	2	3	2	1	2	0	3	2	2	1	0	3	2	2	3	2	1	1	1	2	2	2	2	2	3	2	2	3	3	2	1	0	2	2	3	2	3	2	2	3	3	2	3
M197	1	1	1	2	2	1	2	1	2	1	1	1	1	1	1	0	2	2	1	0	1	1	1	1	0	0	0	1	0	2	2	1	1	1	1	1	1	2	0	1	2	0	0	1	1	2	1	2	1	2	0	2	2	1	2	0	0	1	2	2	0	0	2	2	1	1	1	1	1	0	2	0	2	1	2	0	1	1	2	1	1	1	2	1	2	2	1	1	1	1	0	1	0	1	2	2	1	1	0	0	1	1	1	0	1	0	1	0	1	2	1	1	2	1	1	2	1	1	1	2	0	1	1	2	1	0	1	2	2	1	2	0	2	0	2	1	1	1	2	0	1	1	0	1	2	2	1	2	1	1	1	0	1	2	1	1	1	1	1	1	1	0	1	2	1	0	1	1	1	2	1	1	1	2	2	1	2	1	1	1	0	1	1	0	1	1	0	0	1	2	2	1	0	1	1	2	2	0	0	0	1	0
M198	1	3	2	2	2	1	1	2	2	2	1	1	2	2	3	1	3	2	1	1	1	3	3	2	2	2	1	1	2	2	1	2	3	2	4	1	2	3	2	2	3	3	2	3	3	3	3	4	2	3	3	4	2	3	2	0	2	3	2	2	1	3	3	3	3	2	2	3	3	0	2	3	3	2	3	2	2	3	1	3	2	1	2	1	3	3	3	2	1	3	2	2	2	2	3	1	2	2	2	2	2	2	3	2	2	2	3	2	4	2	2	2	2	4	0	3	2	2	3	2	2	2	3	1	2	0	3	4	2	2	3	2	1	3	1	1	1	2	2	2	1	0	1	2	2	3	1	3	3	3	3	2	1	3	2	4	2	1	4	3	4	2	1	2	1	3	3	4	3	2	3	3	3	2	3	2	2	1	3	1	2	3	2	2	3	2	2	1	2	2	2	2	2	2	2	3	2	2	2	2	1	2
M199	1	1	1	1	1	2	1	1	1	0	2	1	2	2	1	1	1	2	1	0	2	1	2	0	1	1	0	2	0	1	1	2	0	1	0	1	0	1	1	2	1	1	0	0	0	1	0	1	0	1	0	1	2	0	1	1	1	1	2	1	1	0	2	2	0	0	2	1	2	1	2	0	1	1	1	0	1	1	2	1	0	0	1	2	2	1	1	2	1	2	1	1	0	1	2	2	1	0	1	1	1	0	1	1	1	0	1	1	0	2	2	1	1	0	2	1	1	2	0	2	0	0	0	2	0	1	0	1	2	0	1	1	1	0	2	2	2	1	2	0	1	2	1	0	2	1	2	1	0	0	0	1	1	1	2	0	0	1	0	0	0	1	1	1	0	0	1	0	1	1	1	1	1	2	1	0	2	2	0	2	0	0	1	1	0	0	1	1	2	1	1	1	1	1	0	1	1	0	1	0	1	1
M200	1	1	2	0	1	1	0	1	1	1	1	0	1	1	2	1	1	2	1	0	2	0	1	1	1	2	0	1	1	1	1	1	1	1	0	1	1	0	1	2	0	1	0	1	1	0	0	0	1	1	1	0	2	1	0	1	1	1	1	0	2	1	2	1	1	1	2	2	2	2	1	1	0	1	0	1	0	0	1	1	1	1	1	2	2	0	0	2	2	1	2	0	0	1	1	1	2	1	1	1	1	0	1	2	1	1	2	1	0	2	1	1	1	0	1	0	2	2	1	1	0	0	1	1	1	2	0	0	1	1	0	1	1	1	2	1	2	1	1	1	0	1	2	1	2	0	2	1	1	1	0	2	2	1	2	1	0	2	1	1	0	2	1	0	1	0	0	0	0	0	1	0	0	1	0	1	1	1	0	2	1	0	0	1	0	1	2	2	1	1	1	0	1	2	1	0	1	1	1	0	0	1
